# scripturl01 :: http://climexp.knmi.nl/getindices.cgi?NPERYEAR=1&STATION=RCP6_CO2EQ&TYPE=i&WMO=CDIACData/RCP6_CO2EQ&id=$id
# CMIP5 recommendations for annual average, global mean concentrations.
# M. Meinshausen, S. Smith et al. The RCP GHG concentrations and their extension from 1765 to 2500, in prep., Climatic Change.
# <a href="http://www.iiasa.ac.at/web-apps/tnt/RcpDb">IIASA</a>
# CO2EQ [ppm] global mean CO2EQ concentration
1765 0.27701467E+03
1766 0.27783880E+03
1767 0.27869351E+03
1768 0.27874752E+03
1769 0.27879644E+03
1770 0.27884896E+03
1771 0.27888421E+03
1772 0.27892512E+03
1773 0.27899387E+03
1774 0.27906906E+03
1775 0.27915130E+03
1776 0.27924240E+03
1777 0.27934214E+03
1778 0.27944672E+03
1779 0.27955094E+03
1780 0.27965007E+03
1781 0.27971846E+03
1782 0.27978173E+03
1783 0.27986798E+03
1784 0.27995858E+03
1785 0.28005821E+03
1786 0.28016952E+03
1787 0.28029117E+03
1788 0.28041905E+03
1789 0.28054845E+03
1790 0.28067599E+03
1791 0.28077766E+03
1792 0.28087905E+03
1793 0.28100453E+03
1794 0.28112966E+03
1795 0.28125415E+03
1796 0.28137816E+03
1797 0.28147794E+03
1798 0.28157703E+03
1799 0.28169873E+03
1800 0.28179530E+03
1801 0.28189146E+03
1802 0.28196434E+03
1803 0.28206097E+03
1804 0.28220419E+03
1805 0.28232288E+03
1806 0.28241845E+03
1807 0.28251428E+03
1808 0.28263057E+03
1809 0.28273903E+03
1810 0.28283640E+03
1811 0.28290004E+03
1812 0.28295740E+03
1813 0.28303571E+03
1814 0.28311463E+03
1815 0.28317382E+03
1816 0.28321462E+03
1817 0.28325897E+03
1818 0.28332685E+03
1819 0.28341490E+03
1820 0.28349758E+03
1821 0.28357508E+03
1822 0.28362677E+03
1823 0.28365484E+03
1824 0.28370645E+03
1825 0.28376004E+03
1826 0.28381560E+03
1827 0.28387272E+03
1828 0.28393097E+03
1829 0.28401280E+03
1830 0.28396219E+03
1831 0.28389979E+03
1832 0.28388170E+03
1833 0.28377007E+03
1834 0.28366423E+03
1835 0.28355955E+03
1836 0.28336933E+03
1837 0.28320262E+03
1838 0.28315294E+03
1839 0.28315861E+03
1840 0.28317040E+03
1841 0.28321078E+03
1842 0.28330585E+03
1843 0.28342935E+03
1844 0.28357864E+03
1845 0.28371288E+03
1846 0.28388515E+03
1847 0.28405105E+03
1848 0.28422002E+03
1849 0.28438831E+03
1850 0.28447783E+03
1851 0.28467850E+03
1852 0.28449410E+03
1853 0.28425420E+03
1854 0.28431698E+03
1855 0.28437752E+03
1856 0.28448655E+03
1857 0.28457144E+03
1858 0.28475751E+03
1859 0.28487162E+03
1860 0.28454001E+03
1861 0.28390984E+03
1862 0.28424023E+03
1863 0.28482703E+03
1864 0.28492869E+03
1865 0.28490678E+03
1866 0.28453849E+03
1867 0.28413273E+03
1868 0.28415643E+03
1869 0.28450991E+03
1870 0.28476049E+03
1871 0.28442210E+03
1872 0.28327687E+03
1873 0.28235666E+03
1874 0.28241152E+03
1875 0.28273787E+03
1876 0.28319648E+03
1877 0.28393288E+03
1878 0.28451148E+03
1879 0.28474683E+03
1880 0.28454128E+03
1881 0.28458021E+03
1882 0.28521573E+03
1883 0.28570213E+03
1884 0.28607590E+03
1885 0.28662046E+03
1886 0.28706145E+03
1887 0.28722534E+03
1888 0.28696157E+03
1889 0.28696533E+03
1890 0.28704595E+03
1891 0.28686678E+03
1892 0.28680077E+03
1893 0.28676394E+03
1894 0.28666071E+03
1895 0.28645183E+03
1896 0.28639693E+03
1897 0.28648722E+03
1898 0.28658770E+03
1899 0.28667626E+03
1900 0.28679938E+03
1901 0.28677043E+03
1902 0.28676808E+03
1903 0.28679694E+03
1904 0.28684493E+03
1905 0.28701406E+03
1906 0.28705312E+03
1907 0.28707137E+03
1908 0.28753578E+03
1909 0.28817921E+03
1910 0.28848048E+03
1911 0.28896295E+03
1912 0.28966408E+03
1913 0.29020208E+03
1914 0.29093296E+03
1915 0.29178371E+03
1916 0.29223850E+03
1917 0.29254437E+03
1918 0.29299248E+03
1919 0.29381347E+03
1920 0.29437098E+03
1921 0.29495151E+03
1922 0.29568377E+03
1923 0.29558615E+03
1924 0.29565484E+03
1925 0.29625067E+03
1926 0.29681103E+03
1927 0.29714059E+03
1928 0.29749651E+03
1929 0.29796527E+03
1930 0.29861802E+03
1931 0.29964970E+03
1932 0.30071564E+03
1933 0.30145026E+03
1934 0.30183497E+03
1935 0.30224383E+03
1936 0.30253336E+03
1937 0.30282266E+03
1938 0.30356161E+03
1939 0.30410605E+03
1940 0.30410083E+03
1941 0.30384700E+03
1942 0.30356374E+03
1943 0.30342564E+03
1944 0.30326736E+03
1945 0.30323386E+03
1946 0.30300439E+03
1947 0.30245801E+03
1948 0.30201134E+03
1949 0.30196960E+03
1950 0.30192017E+03
1951 0.30087693E+03
1952 0.29988451E+03
1953 0.29976378E+03
1954 0.29976984E+03
1955 0.29980994E+03
1956 0.29987995E+03
1957 0.30001814E+03
1958 0.30042588E+03
1959 0.30136642E+03
1960 0.30254075E+03
1961 0.30271708E+03
1962 0.30262276E+03
1963 0.30311374E+03
1964 0.30360921E+03
1965 0.30441983E+03
1966 0.30556389E+03
1967 0.30659420E+03
1968 0.30780774E+03
1969 0.30959802E+03
1970 0.31180753E+03
1971 0.31408678E+03
1972 0.31619275E+03
1973 0.31811545E+03
1974 0.31959990E+03
1975 0.32088163E+03
1976 0.32219127E+03
1977 0.32387398E+03
1978 0.32620992E+03
1979 0.32874045E+03
1980 0.33086448E+03
1981 0.33222762E+03
1982 0.33303368E+03
1983 0.33424432E+03
1984 0.33614519E+03
1985 0.33819811E+03
1986 0.34022271E+03
1987 0.34240873E+03
1988 0.34508452E+03
1989 0.34772931E+03
1990 0.34991054E+03
1991 0.35118907E+03
1992 0.35154763E+03
1993 0.35227475E+03
1994 0.35373698E+03
1995 0.35593868E+03
1996 0.35826280E+03
1997 0.35983008E+03
1998 0.36147123E+03
1999 0.36328251E+03
2000 0.36436712E+03
2001 0.36565347E+03
2002 0.36797846E+03
2003 0.37051984E+03
2004 0.37278524E+03
2005 0.37501356E+03
2006 0.37740730E+03
2007 0.37979075E+03
2008 0.38225718E+03
2009 0.38487959E+03
2010 0.38760742E+03
2011 0.39046124E+03
2012 0.39340456E+03
2013 0.39631639E+03
2014 0.39916983E+03
2015 0.40199284E+03
2016 0.40478528E+03
2017 0.40754279E+03
2018 0.41026488E+03
2019 0.41299842E+03
2020 0.41576955E+03
2021 0.41857698E+03
2022 0.42143070E+03
2023 0.42432454E+03
2024 0.42726531E+03
2025 0.43025671E+03
2026 0.43329811E+03
2027 0.43638173E+03
2028 0.43949661E+03
2029 0.44263738E+03
2030 0.44556175E+03
2031 0.44802240E+03
2032 0.45029573E+03
2033 0.45264207E+03
2034 0.45504472E+03
2035 0.45750887E+03
2036 0.46003259E+03
2037 0.46261159E+03
2038 0.46523430E+03
2039 0.46788612E+03
2040 0.47071807E+03
2041 0.47388849E+03
2042 0.47720755E+03
2043 0.48051085E+03
2044 0.48384037E+03
2045 0.48722318E+03
2046 0.49067562E+03
2047 0.49420484E+03
2048 0.49781390E+03
2049 0.50149522E+03
2050 0.50513208E+03
2051 0.50861464E+03
2052 0.51205303E+03
2053 0.51555895E+03
2054 0.51911937E+03
2055 0.52273329E+03
2056 0.52642404E+03
2057 0.53020531E+03
2058 0.53408270E+03
2059 0.53805859E+03
2060 0.54244710E+03
2061 0.54756767E+03
2062 0.55304710E+03
2063 0.55855648E+03
2064 0.56414701E+03
2065 0.56980732E+03
2066 0.57553900E+03
2067 0.58136977E+03
2068 0.58731722E+03
2069 0.59339036E+03
2070 0.59942514E+03
2071 0.60523808E+03
2072 0.61094935E+03
2073 0.61668100E+03
2074 0.62242152E+03
2075 0.62817373E+03
2076 0.63392394E+03
2077 0.63967239E+03
2078 0.64544832E+03
2079 0.65127083E+03
2080 0.65694130E+03
2081 0.66225239E+03
2082 0.66728579E+03
2083 0.67208697E+03
2084 0.67661860E+03
2085 0.68088931E+03
2086 0.68490932E+03
2087 0.68866931E+03
2088 0.69217507E+03
2089 0.69546193E+03
2090 0.69856587E+03
2091 0.70151440E+03
2092 0.70441932E+03
2093 0.70736978E+03
2094 0.71034212E+03
2095 0.71332311E+03
2096 0.71630643E+03
2097 0.71928847E+03
2098 0.72225882E+03
2099 0.72522787E+03
2100 0.72812370E+03
2101 0.73085747E+03
2102 0.73358311E+03
2103 0.73639299E+03
2104 0.73921355E+03
2105 0.74202100E+03
2106 0.74479945E+03
2107 0.74754059E+03
2108 0.75023878E+03
2109 0.75286968E+03
2110 0.75542530E+03
2111 0.75793134E+03
2112 0.76040476E+03
2113 0.76285324E+03
2114 0.76527974E+03
2115 0.76767291E+03
2116 0.77001345E+03
2117 0.77228917E+03
2118 0.77449528E+03
2119 0.77662944E+03
2120 0.77866970E+03
2121 0.78061014E+03
2122 0.78247962E+03
2123 0.78429848E+03
2124 0.78607684E+03
2125 0.78781935E+03
2126 0.78951545E+03
2127 0.79114824E+03
2128 0.79270816E+03
2129 0.79419127E+03
2130 0.79559606E+03
2131 0.79690083E+03
2132 0.79810002E+03
2133 0.79922374E+03
2134 0.80029356E+03
2135 0.80132057E+03
2136 0.80231056E+03
2137 0.80325410E+03
2138 0.80413287E+03
2139 0.80493568E+03
2140 0.80565887E+03
2141 0.80630121E+03
2142 0.80684093E+03
2143 0.80727225E+03
2144 0.80762623E+03
2145 0.80792524E+03
2146 0.80818047E+03
2147 0.80839823E+03
2148 0.80856918E+03
2149 0.80867492E+03
2150 0.80870955E+03
2151 0.80870955E+03
2152 0.80870955E+03
2153 0.80870955E+03
2154 0.80870955E+03
2155 0.80870955E+03
2156 0.80870955E+03
2157 0.80870955E+03
2158 0.80870955E+03
2159 0.80870955E+03
2160 0.80870955E+03
2161 0.80870955E+03
2162 0.80870955E+03
2163 0.80870955E+03
2164 0.80870955E+03
2165 0.80870955E+03
2166 0.80870955E+03
2167 0.80870955E+03
2168 0.80870955E+03
2169 0.80870955E+03
2170 0.80870955E+03
2171 0.80870955E+03
2172 0.80870955E+03
2173 0.80870955E+03
2174 0.80870955E+03
2175 0.80870955E+03
2176 0.80870955E+03
2177 0.80870955E+03
2178 0.80870955E+03
2179 0.80870955E+03
2180 0.80870955E+03
2181 0.80870955E+03
2182 0.80870955E+03
2183 0.80870955E+03
2184 0.80870955E+03
2185 0.80870955E+03
2186 0.80870955E+03
2187 0.80870955E+03
2188 0.80870955E+03
2189 0.80870955E+03
2190 0.80870955E+03
2191 0.80870955E+03
2192 0.80870955E+03
2193 0.80870955E+03
2194 0.80870955E+03
2195 0.80870955E+03
2196 0.80870955E+03
2197 0.80870955E+03
2198 0.80870955E+03
2199 0.80870955E+03
2200 0.80870955E+03
2201 0.80870955E+03
2202 0.80870955E+03
2203 0.80870955E+03
2204 0.80870955E+03
2205 0.80870955E+03
2206 0.80870955E+03
2207 0.80870955E+03
2208 0.80870955E+03
2209 0.80870955E+03
2210 0.80870955E+03
2211 0.80870955E+03
2212 0.80870955E+03
2213 0.80870955E+03
2214 0.80870955E+03
2215 0.80870955E+03
2216 0.80870955E+03
2217 0.80870955E+03
2218 0.80870955E+03
2219 0.80870955E+03
2220 0.80870955E+03
2221 0.80870955E+03
2222 0.80870955E+03
2223 0.80870955E+03
2224 0.80870955E+03
2225 0.80870955E+03
2226 0.80870955E+03
2227 0.80870955E+03
2228 0.80870955E+03
2229 0.80870955E+03
2230 0.80870955E+03
2231 0.80870955E+03
2232 0.80870955E+03
2233 0.80870955E+03
2234 0.80870955E+03
2235 0.80870955E+03
2236 0.80870955E+03
2237 0.80870955E+03
2238 0.80870955E+03
2239 0.80870955E+03
2240 0.80870955E+03
2241 0.80870955E+03
2242 0.80870955E+03
2243 0.80870955E+03
2244 0.80870955E+03
2245 0.80870955E+03
2246 0.80870955E+03
2247 0.80870955E+03
2248 0.80870955E+03
2249 0.80870955E+03
2250 0.80870955E+03
2251 0.80870955E+03
2252 0.80870955E+03
2253 0.80870955E+03
2254 0.80870955E+03
2255 0.80870955E+03
2256 0.80870955E+03
2257 0.80870955E+03
2258 0.80870955E+03
2259 0.80870955E+03
2260 0.80870955E+03
2261 0.80870955E+03
2262 0.80870955E+03
2263 0.80870955E+03
2264 0.80870955E+03
2265 0.80870955E+03
2266 0.80870955E+03
2267 0.80870955E+03
2268 0.80870955E+03
2269 0.80870955E+03
2270 0.80870955E+03
2271 0.80870955E+03
2272 0.80870955E+03
2273 0.80870955E+03
2274 0.80870955E+03
2275 0.80870955E+03
2276 0.80870955E+03
2277 0.80870955E+03
2278 0.80870955E+03
2279 0.80870955E+03
2280 0.80870955E+03
2281 0.80870955E+03
2282 0.80870955E+03
2283 0.80870955E+03
2284 0.80870955E+03
2285 0.80870955E+03
2286 0.80870955E+03
2287 0.80870955E+03
2288 0.80870955E+03
2289 0.80870955E+03
2290 0.80870955E+03
2291 0.80870955E+03
2292 0.80870955E+03
2293 0.80870955E+03
2294 0.80870955E+03
2295 0.80870955E+03
2296 0.80870955E+03
2297 0.80870955E+03
2298 0.80870955E+03
2299 0.80870955E+03
2300 0.80870955E+03
2301 0.80870955E+03
2302 0.80870955E+03
2303 0.80870955E+03
2304 0.80870955E+03
2305 0.80870955E+03
2306 0.80870955E+03
2307 0.80870955E+03
2308 0.80870955E+03
2309 0.80870955E+03
2310 0.80870955E+03
2311 0.80870955E+03
2312 0.80870955E+03
2313 0.80870955E+03
2314 0.80870955E+03
2315 0.80870955E+03
2316 0.80870955E+03
2317 0.80870955E+03
2318 0.80870955E+03
2319 0.80870955E+03
2320 0.80870955E+03
2321 0.80870955E+03
2322 0.80870955E+03
2323 0.80870955E+03
2324 0.80870955E+03
2325 0.80870955E+03
2326 0.80870955E+03
2327 0.80870955E+03
2328 0.80870955E+03
2329 0.80870955E+03
2330 0.80870955E+03
2331 0.80870955E+03
2332 0.80870955E+03
2333 0.80870955E+03
2334 0.80870955E+03
2335 0.80870955E+03
2336 0.80870955E+03
2337 0.80870955E+03
2338 0.80870955E+03
2339 0.80870955E+03
2340 0.80870955E+03
2341 0.80870955E+03
2342 0.80870955E+03
2343 0.80870955E+03
2344 0.80870955E+03
2345 0.80870955E+03
2346 0.80870955E+03
2347 0.80870955E+03
2348 0.80870955E+03
2349 0.80870955E+03
2350 0.80870955E+03
2351 0.80870955E+03
2352 0.80870955E+03
2353 0.80870955E+03
2354 0.80870955E+03
2355 0.80870955E+03
2356 0.80870955E+03
2357 0.80870955E+03
2358 0.80870955E+03
2359 0.80870955E+03
2360 0.80870955E+03
2361 0.80870955E+03
2362 0.80870955E+03
2363 0.80870955E+03
2364 0.80870955E+03
2365 0.80870955E+03
2366 0.80870955E+03
2367 0.80870955E+03
2368 0.80870955E+03
2369 0.80870955E+03
2370 0.80870955E+03
2371 0.80870955E+03
2372 0.80870955E+03
2373 0.80870955E+03
2374 0.80870955E+03
2375 0.80870955E+03
2376 0.80870955E+03
2377 0.80870955E+03
2378 0.80870955E+03
2379 0.80870955E+03
2380 0.80870955E+03
2381 0.80870955E+03
2382 0.80870955E+03
2383 0.80870955E+03
2384 0.80870955E+03
2385 0.80870955E+03
2386 0.80870955E+03
2387 0.80870955E+03
2388 0.80870955E+03
2389 0.80870955E+03
2390 0.80870955E+03
2391 0.80870955E+03
2392 0.80870955E+03
2393 0.80870955E+03
2394 0.80870955E+03
2395 0.80870955E+03
2396 0.80870955E+03
2397 0.80870955E+03
2398 0.80870955E+03
2399 0.80870955E+03
2400 0.80870955E+03
2401 0.80870955E+03
2402 0.80870955E+03
2403 0.80870955E+03
2404 0.80870955E+03
2405 0.80870955E+03
2406 0.80870955E+03
2407 0.80870955E+03
2408 0.80870955E+03
2409 0.80870955E+03
2410 0.80870955E+03
2411 0.80870955E+03
2412 0.80870955E+03
2413 0.80870955E+03
2414 0.80870955E+03
2415 0.80870955E+03
2416 0.80870955E+03
2417 0.80870955E+03
2418 0.80870955E+03
2419 0.80870955E+03
2420 0.80870955E+03
2421 0.80870955E+03
2422 0.80870955E+03
2423 0.80870955E+03
2424 0.80870955E+03
2425 0.80870955E+03
2426 0.80870955E+03
2427 0.80870955E+03
2428 0.80870955E+03
2429 0.80870955E+03
2430 0.80870955E+03
2431 0.80870955E+03
2432 0.80870955E+03
2433 0.80870955E+03
2434 0.80870955E+03
2435 0.80870955E+03
2436 0.80870955E+03
2437 0.80870955E+03
2438 0.80870955E+03
2439 0.80870955E+03
2440 0.80870955E+03
2441 0.80870955E+03
2442 0.80870955E+03
2443 0.80870955E+03
2444 0.80870955E+03
2445 0.80870955E+03
2446 0.80870955E+03
2447 0.80870955E+03
2448 0.80870955E+03
2449 0.80870955E+03
2450 0.80870955E+03
2451 0.80870955E+03
2452 0.80870955E+03
2453 0.80870955E+03
2454 0.80870955E+03
2455 0.80870955E+03
2456 0.80870955E+03
2457 0.80870955E+03
2458 0.80870955E+03
2459 0.80870955E+03
2460 0.80870955E+03
2461 0.80870955E+03
2462 0.80870955E+03
2463 0.80870955E+03
2464 0.80870955E+03
2465 0.80870955E+03
2466 0.80870955E+03
2467 0.80870955E+03
2468 0.80870955E+03
2469 0.80870955E+03
2470 0.80870955E+03
2471 0.80870955E+03
2472 0.80870955E+03
2473 0.80870955E+03
2474 0.80870955E+03
2475 0.80870955E+03
2476 0.80870955E+03
2477 0.80870955E+03
2478 0.80870955E+03
2479 0.80870955E+03
2480 0.80870955E+03
2481 0.80870955E+03
2482 0.80870955E+03
2483 0.80870955E+03
2484 0.80870955E+03
2485 0.80870955E+03
2486 0.80870955E+03
2487 0.80870955E+03
2488 0.80870955E+03
2489 0.80870955E+03
2490 0.80870955E+03
2491 0.80870955E+03
2492 0.80870955E+03
2493 0.80870955E+03
2494 0.80870955E+03
2495 0.80870955E+03
2496 0.80870955E+03
2497 0.80870955E+03
2498 0.80870955E+03
2499 0.80870955E+03
2500 0.80870955E+03
