MONTHLY MEAN TSI: Lean (GRL 2000) with Wang Lean Sheeley (ApJ 2005) background
Mon Apr  6 11:29:27 2009 PMOD absolute scale - multiply by 0.9965 for TIM scale
    YEAR    MONTH   TSI 11-yr cycle   TSI cycle+background  
  1882.0     1.0      1365.9775      1365.7192
  1882.0     2.0      1365.9225      1365.6646
  1882.0     3.0      1365.8103      1365.5528
  1882.0     4.0      1365.3286      1365.0715
  1882.0     5.0      1365.3104      1365.0538
  1882.0     6.0      1365.7081      1365.4519
  1882.0     7.0      1365.7951      1365.5393
  1882.0     8.0      1365.6827      1365.4274
  1882.0     9.0      1365.5643      1365.3094
  1882.0    10.0      1365.3501      1365.0956
  1882.0    11.0      1365.1378      1364.8838
  1882.0    12.0      1365.9799      1365.7263
  1883.0     1.0      1365.7641      1365.5105
  1883.0     2.0      1365.7454      1365.4915
  1883.0     3.0      1365.8323      1365.5780
  1883.0     4.0      1365.6769      1365.4223
  1883.0     5.0      1365.9806      1365.7256
  1883.0     6.0      1365.5044      1365.2491
  1883.0     7.0      1365.2947      1365.0390
  1883.0     8.0      1365.9309      1365.6748
  1883.0     9.0      1365.6481      1365.3917
  1883.0    10.0      1365.6085      1365.3517
  1883.0    11.0      1365.7320      1365.4748
  1883.0    12.0      1365.8718      1365.6143
  1884.0     1.0      1365.8871      1365.6288
  1884.0     2.0      1365.9280      1365.6686
  1884.0     3.0      1365.9857      1365.7251
  1884.0     4.0      1365.7003      1365.4386
  1884.0     5.0      1365.8910      1365.6281
  1884.0     6.0      1366.1342      1365.8701
  1884.0     7.0      1366.0016      1365.7364
  1884.0     8.0      1365.9298      1365.6634
  1884.0     9.0      1365.7643      1365.4968
  1884.0    10.0      1365.6936      1365.4249
  1884.0    11.0      1365.9103      1365.6404
  1884.0    12.0      1365.7605      1365.4894
  1885.0     1.0      1365.9779      1365.7052
  1885.0     2.0      1365.7776      1365.5030
  1885.0     3.0      1365.7839      1365.5073
  1885.0     4.0      1365.7775      1365.4988
  1885.0     5.0      1365.9207      1365.6400
  1885.0     6.0      1365.4861      1365.2033
  1885.0     7.0      1365.7736      1365.4888
  1885.0     8.0      1365.9085      1365.6216
  1885.0     9.0      1365.8049      1365.5160
  1885.0    10.0      1365.7170      1365.4260
  1885.0    11.0      1365.7714      1365.4783
  1885.0    12.0      1365.8328      1365.5377
  1886.0     1.0      1365.5579      1365.2608
  1886.0     2.0      1365.7954      1365.4966
  1886.0     3.0      1365.5852      1365.2846
  1886.0     4.0      1365.7547      1365.4523
  1886.0     5.0      1365.5344      1365.2302
  1886.0     6.0      1365.7359      1365.4299
  1886.0     7.0      1365.6559      1365.3481
  1886.0     8.0      1365.7807      1365.4710
  1886.0     9.0      1365.7096      1365.3981
  1886.0    10.0      1365.6761      1365.3628
  1886.0    11.0      1365.6315      1365.3164
  1886.0    12.0      1365.5748      1365.2578
  1887.0     1.0      1365.6734      1365.3549
  1887.0     2.0      1365.7007      1365.3810
  1887.0     3.0      1365.6796      1365.3587
  1887.0     4.0      1365.6773      1365.3552
  1887.0     5.0      1365.6478      1365.3245
  1887.0     6.0      1365.6685      1365.3440
  1887.0     7.0      1365.6681      1365.3423
  1887.0     8.0      1365.6765      1365.3495
  1887.0     9.0      1365.5353      1365.2071
  1887.0    10.0      1365.6356      1365.3061
  1887.0    11.0      1365.6581      1365.3274
  1887.0    12.0      1365.3876      1365.0557
  1888.0     1.0      1365.6877      1365.3551
  1888.0     2.0      1365.5807      1365.2479
  1888.0     3.0      1365.5890      1365.2561
  1888.0     4.0      1365.6601      1365.3271
  1888.0     5.0      1365.4276      1365.0944
  1888.0     6.0      1365.6292      1365.2959
  1888.0     7.0      1365.6328      1365.2993
  1888.0     8.0      1365.6442      1365.3106
  1888.0     9.0      1365.6338      1365.3000
  1888.0    10.0      1365.6245      1365.2906
  1888.0    11.0      1365.4987      1365.1647
  1888.0    12.0      1365.5809      1365.2467
  1889.0     1.0      1365.5874      1365.2534
  1889.0     2.0      1365.6019      1365.2685
  1889.0     3.0      1365.6374      1365.3045
  1889.0     4.0      1365.6012      1365.2689
  1889.0     5.0      1365.6012      1365.2695
  1889.0     6.0      1365.4372      1365.1060
  1889.0     7.0      1365.5949      1365.2643
  1889.0     8.0      1365.5908      1365.2608
  1889.0     9.0      1365.5988      1365.2693
  1889.0    10.0      1365.6041      1365.2752
  1889.0    11.0      1365.5731      1365.2448
  1889.0    12.0      1365.6060      1365.2782
  1890.0     1.0      1365.6231      1365.2961
  1890.0     2.0      1365.6066      1365.2804
  1890.0     3.0      1365.5653      1365.2400
  1890.0     4.0      1365.6229      1365.2985
  1890.0     5.0      1365.6436      1365.3201
  1890.0     6.0      1365.6316      1365.3090
  1890.0     7.0      1365.6386      1365.3169
  1890.0     8.0      1365.5304      1365.2096
  1890.0     9.0      1365.6608      1365.3409
  1890.0    10.0      1365.5331      1365.2141
  1890.0    11.0      1365.5130      1365.1949
  1890.0    12.0      1365.6892      1365.3719
  1891.0     1.0      1365.6669      1365.3507
  1891.0     2.0      1365.7351      1365.4200
  1891.0     3.0      1365.8065      1365.4925
  1891.0     4.0      1365.8168      1365.5039
  1891.0     5.0      1365.9234      1365.6117
  1891.0     6.0      1365.9487      1365.6381
  1891.0     7.0      1365.7729      1365.4635
  1891.0     8.0      1365.9987      1365.6904
  1891.0     9.0      1365.6333      1365.3261
  1891.0    10.0      1365.9432      1365.6372
  1891.0    11.0      1365.8682      1365.5633
  1891.0    12.0      1365.9437      1365.6400
  1892.0     1.0      1365.8693      1365.5667
  1892.0     2.0      1365.5848      1365.2831
  1892.0     3.0      1365.9758      1365.6751
  1892.0     4.0      1366.0083      1365.7085
  1892.0     5.0      1365.7796      1365.4808
  1892.0     6.0      1366.0945      1365.7967
  1892.0     7.0      1365.6002      1365.3034
  1892.0     8.0      1365.9379      1365.6421
  1892.0     9.0      1366.0439      1365.7491
  1892.0    10.0      1365.9842      1365.6903
  1892.0    11.0      1365.9607      1365.6678
  1892.0    12.0      1366.1476      1365.8556
  1893.0     1.0      1365.8954      1365.6044
  1893.0     2.0      1365.8567      1365.5667
  1893.0     3.0      1366.1111      1365.8220
  1893.0     4.0      1366.1846      1365.8964
  1893.0     5.0      1366.3290      1366.0418
  1893.0     6.0      1366.1753      1365.8891
  1893.0     7.0      1366.1501      1365.8648
  1893.0     8.0      1365.9142      1365.6299
  1893.0     9.0      1365.9069      1365.6235
  1893.0    10.0      1366.1169      1365.8345
  1893.0    11.0      1366.0444      1365.7630
  1893.0    12.0      1365.8526      1365.5721
  1894.0     1.0      1366.2017      1365.9219
  1894.0     2.0      1366.1898      1365.9103
  1894.0     3.0      1366.3505      1366.0714
  1894.0     4.0      1365.9146      1365.6359
  1894.0     5.0      1366.0425      1365.7642
  1894.0     6.0      1366.0801      1365.8021
  1894.0     7.0      1366.1723      1365.8947
  1894.0     8.0      1366.1015      1365.8243
  1894.0     9.0      1366.3454      1366.0686
  1894.0    10.0      1365.9247      1365.6482
  1894.0    11.0      1366.2438      1365.9677
  1894.0    12.0      1366.0334      1365.7577
  1895.0     1.0      1366.0918      1365.8161
  1895.0     2.0      1366.2203      1365.9443
  1895.0     3.0      1366.0430      1365.7666
  1895.0     4.0      1366.1370      1365.8603
  1895.0     5.0      1366.1290      1365.8519
  1895.0     6.0      1365.9620      1365.6845
  1895.0     7.0      1366.2390      1365.9612
  1895.0     8.0      1365.7288      1365.4506
  1895.0     9.0      1365.9737      1365.6952
  1895.0    10.0      1365.7054      1365.4265
  1895.0    11.0      1366.0074      1365.7282
  1895.0    12.0      1365.9828      1365.7032
  1896.0     1.0      1366.1152      1365.8350
  1896.0     2.0      1365.8152      1365.5341
  1896.0     3.0      1365.9384      1365.6564
  1896.0     4.0      1365.8910      1365.6081
  1896.0     5.0      1365.8871      1365.6033
  1896.0     6.0      1365.6627      1365.3780
  1896.0     7.0      1365.8901      1365.6045
  1896.0     8.0      1365.8626      1365.5760
  1896.0     9.0      1365.4889      1365.2014
  1896.0    10.0      1365.9004      1365.6120
  1896.0    11.0      1365.8247      1365.5354
  1896.0    12.0      1365.8515      1365.5613
  1897.0     1.0      1365.4245      1365.1333
  1897.0     2.0      1365.6307      1365.3385
  1897.0     3.0      1365.8306      1365.5375
  1897.0     4.0      1365.8904      1365.5963
  1897.0     5.0      1365.6025      1365.3073
  1897.0     6.0      1365.7338      1365.4376
  1897.0     7.0      1365.8664      1365.5692
  1897.0     8.0      1365.7617      1365.4635
  1897.0     9.0      1365.7531      1365.4539
  1897.0    10.0      1365.8355      1365.5353
  1897.0    11.0      1365.7855      1365.4842
  1897.0    12.0      1365.5987      1365.2964
  1898.0     1.0      1365.8660      1365.5627
  1898.0     2.0      1365.7092      1365.4051
  1898.0     3.0      1365.5500      1365.2450
  1898.0     4.0      1365.7613      1365.4553
  1898.0     5.0      1365.7978      1365.4909
  1898.0     6.0      1365.8409      1365.5331
  1898.0     7.0      1365.7514      1365.4427
  1898.0     8.0      1365.6356      1365.3259
  1898.0     9.0      1365.4889      1365.1783
  1898.0    10.0      1365.6552      1365.3437
  1898.0    11.0      1365.7779      1365.4655
  1898.0    12.0      1365.6767      1365.3633
  1899.0     1.0      1365.7036      1365.3896
  1899.0     2.0      1365.7009      1365.3867
  1899.0     3.0      1365.5939      1365.2794
  1899.0     4.0      1365.7238      1365.4091
  1899.0     5.0      1365.7177      1365.4027
  1899.0     6.0      1365.6606      1365.3454
  1899.0     7.0      1365.6321      1365.3167
  1899.0     8.0      1365.6464      1365.3307
  1899.0     9.0      1365.6136      1365.2977
  1899.0    10.0      1365.6017      1365.2855
  1899.0    11.0      1365.6789      1365.3625
  1899.0    12.0      1365.7069      1365.3902
  1900.0     1.0      1365.6691      1365.3525
  1900.0     2.0      1365.6221      1365.3059
  1900.0     3.0      1365.5845      1365.2688
  1900.0     4.0      1365.7180      1365.4027
  1900.0     5.0      1365.6421      1365.3272
  1900.0     6.0      1365.6307      1365.3163
  1900.0     7.0      1365.6532      1365.3392
  1900.0     8.0      1365.6363      1365.3227
  1900.0     9.0      1365.6526      1365.3395
  1900.0    10.0      1365.5954      1365.2827
  1900.0    11.0      1365.6159      1365.3036
  1900.0    12.0      1365.5804      1365.2685
  1901.0     1.0      1365.5800      1365.2693
  1901.0     2.0      1365.5877      1365.2789
  1901.0     3.0      1365.5921      1365.2851
  1901.0     4.0      1365.4414      1365.1364
  1901.0     5.0      1365.3531      1365.0500
  1901.0     6.0      1365.5983      1365.2971
  1901.0     7.0      1365.6016      1365.3023
  1901.0     8.0      1365.5795      1365.2821
  1901.0     9.0      1365.5771      1365.2817
  1901.0    10.0      1365.5922      1365.2987
  1901.0    11.0      1365.5854      1365.2938
  1901.0    12.0      1365.4838      1365.1941
  1902.0     1.0      1365.4348      1365.1469
  1902.0     2.0      1365.5909      1365.3046
  1902.0     3.0      1365.4056      1365.1209
  1902.0     4.0      1365.4545      1365.1715
  1902.0     5.0      1365.5610      1365.2797
  1902.0     6.0      1365.5892      1365.3096
  1902.0     7.0      1365.5856      1365.3076
  1902.0     8.0      1365.5961      1365.3198
  1902.0     9.0      1365.5945      1365.3199
  1902.0    10.0      1365.6105      1365.3376
  1902.0    11.0      1365.5097      1365.2385
  1902.0    12.0      1365.6128      1365.3432
  1903.0     1.0      1365.6725      1365.4045
  1903.0     2.0      1365.7652      1365.4985
  1903.0     3.0      1365.6749      1365.4096
  1903.0     4.0      1365.6886      1365.4247
  1903.0     5.0      1365.7791      1365.5166
  1903.0     6.0      1365.7710      1365.5099
  1903.0     7.0      1365.7759      1365.5162
  1903.0     8.0      1365.8535      1365.5952
  1903.0     9.0      1365.7816      1365.5247
  1903.0    10.0      1365.3831      1365.1276
  1903.0    11.0      1365.6166      1365.3625
  1903.0    12.0      1365.9705      1365.7178
  1904.0     1.0      1365.8562      1365.6047
  1904.0     2.0      1365.7899      1365.5392
  1904.0     3.0      1365.9796      1365.7297
  1904.0     4.0      1365.7045      1365.4554
  1904.0     5.0      1366.1295      1365.8812
  1904.0     6.0      1366.0198      1365.7723
  1904.0     7.0      1365.9859      1365.7393
  1904.0     8.0      1365.9543      1365.7085
  1904.0     9.0      1366.0305      1365.7855
  1904.0    10.0      1365.9722      1365.7281
  1904.0    11.0      1366.1029      1365.8596
  1904.0    12.0      1366.0489      1365.8064
  1905.0     1.0      1365.9349      1365.6931
  1905.0     2.0      1365.3991      1365.1577
  1905.0     3.0      1365.4980      1365.2571
  1905.0     4.0      1365.9763      1365.7358
  1905.0     5.0      1365.8678      1365.6278
  1905.0     6.0      1365.9368      1365.6972
  1905.0     7.0      1365.5421      1365.3030
  1905.0     8.0      1365.9126      1365.6739
  1905.0     9.0      1366.1128      1365.8746
  1905.0    10.0      1365.2525      1365.0147
  1905.0    11.0      1365.6915      1365.4542
  1905.0    12.0      1366.0806      1365.8438
  1906.0     1.0      1365.8917      1365.6549
  1906.0     2.0      1365.9981      1365.7608
  1906.0     3.0      1365.8797      1365.6419
  1906.0     4.0      1366.0049      1365.7666
  1906.0     5.0      1365.8372      1365.5984
  1906.0     6.0      1366.1632      1365.9239
  1906.0     7.0      1366.0422      1365.8024
  1906.0     8.0      1366.0766      1365.8363
  1906.0     9.0      1366.0344      1365.7935
  1906.0    10.0      1365.9578      1365.7164
  1906.0    11.0      1365.8669      1365.6250
  1906.0    12.0      1365.8912      1365.6488
  1907.0     1.0      1366.0531      1365.8098
  1907.0     2.0      1365.4492      1365.2046
  1907.0     3.0      1366.1186      1365.8727
  1907.0     4.0      1365.9629      1365.7157
  1907.0     5.0      1365.8346      1365.5860
  1907.0     6.0      1365.5841      1365.3342
  1907.0     7.0      1365.7507      1365.4994
  1907.0     8.0      1366.0515      1365.7989
  1907.0     9.0      1365.9211      1365.6671
  1907.0    10.0      1365.9305      1365.6752
  1907.0    11.0      1365.8485      1365.5918
  1907.0    12.0      1365.7747      1365.5167
  1908.0     1.0      1366.0337      1365.7743
  1908.0     2.0      1366.0972      1365.8363
  1908.0     3.0      1366.0998      1365.8374
  1908.0     4.0      1366.0684      1365.8044
  1908.0     5.0      1366.1239      1365.8584
  1908.0     6.0      1365.9463      1365.6793
  1908.0     7.0      1366.1345      1365.8660
  1908.0     8.0      1365.5037      1365.2336
  1908.0     9.0      1365.5780      1365.3064
  1908.0    10.0      1366.0209      1365.7478
  1908.0    11.0      1365.7880      1365.5134
  1908.0    12.0      1365.9469      1365.6707
  1909.0     1.0      1365.6946      1365.4173
  1909.0     2.0      1365.9139      1365.6358
  1909.0     3.0      1365.7991      1365.5202
  1909.0     4.0      1365.8593      1365.5796
  1909.0     5.0      1365.7873      1365.5068
  1909.0     6.0      1365.8607      1365.5794
  1909.0     7.0      1365.7255      1365.4434
  1909.0     8.0      1366.0032      1365.7202
  1909.0     9.0      1365.7987      1365.5149
  1909.0    10.0      1365.9046      1365.6200
  1909.0    11.0      1365.9520      1365.6666
  1909.0    12.0      1365.8882      1365.6020
  1910.0     1.0      1365.9255      1365.6389
  1910.0     2.0      1365.5317      1365.2452
  1910.0     3.0      1365.7845      1365.4980
  1910.0     4.0      1365.7884      1365.5020
  1910.0     5.0      1365.7430      1365.4566
  1910.0     6.0      1365.7815      1365.4951
  1910.0     7.0      1365.7081      1365.4217
  1910.0     8.0      1365.6842      1365.3979
  1910.0     9.0      1365.7451      1365.4588
  1910.0    10.0      1365.6589      1365.3726
  1910.0    11.0      1365.7144      1365.4282
  1910.0    12.0      1365.6481      1365.3619
  1911.0     1.0      1365.6258      1365.3400
  1911.0     2.0      1365.6423      1365.3573
  1911.0     3.0      1365.6926      1365.4084
  1911.0     4.0      1365.7161      1365.4328
  1911.0     5.0      1365.7044      1365.4219
  1911.0     6.0      1365.6436      1365.3619
  1911.0     7.0      1365.6394      1365.3585
  1911.0     8.0      1365.6279      1365.3479
  1911.0     9.0      1365.5645      1365.2853
  1911.0    10.0      1365.5864      1365.3081
  1911.0    11.0      1365.5967      1365.3192
  1911.0    12.0      1365.5967      1365.3200
  1912.0     1.0      1365.5974      1365.3217
  1912.0     2.0      1365.6251      1365.3505
  1912.0     3.0      1365.5644      1365.2909
  1912.0     4.0      1365.5331      1365.2607
  1912.0     5.0      1365.6177      1365.3465
  1912.0     6.0      1365.5852      1365.3151
  1912.0     7.0      1365.6131      1365.3441
  1912.0     8.0      1365.6099      1365.3421
  1912.0     9.0      1365.6300      1365.3633
  1912.0    10.0      1365.5358      1365.2702
  1912.0    11.0      1365.5908      1365.3264
  1912.0    12.0      1365.5382      1365.2749
  1913.0     1.0      1365.6021      1365.3399
  1913.0     2.0      1365.5907      1365.3295
  1913.0     3.0      1365.5914      1365.3313
  1913.0     4.0      1365.5707      1365.3116
  1913.0     5.0      1365.5624      1365.3044
  1913.0     6.0      1365.5677      1365.3107
  1913.0     7.0      1365.5719      1365.3160
  1913.0     8.0      1365.5625      1365.3077
  1913.0     9.0      1365.5773      1365.3235
  1913.0    10.0      1365.5950      1365.3423
  1913.0    11.0      1365.5818      1365.3302
  1913.0    12.0      1365.5724      1365.3218
  1914.0     1.0      1365.5954      1365.3457
  1914.0     2.0      1365.6048      1365.3558
  1914.0     3.0      1365.6378      1365.3895
  1914.0     4.0      1365.6045      1365.3569
  1914.0     5.0      1365.6504      1365.4035
  1914.0     6.0      1365.5396      1365.2933
  1914.0     7.0      1365.6718      1365.4262
  1914.0     8.0      1365.4381      1365.1932
  1914.0     9.0      1365.5804      1365.3362
  1914.0    10.0      1365.7502      1365.5067
  1914.0    11.0      1365.7860      1365.5432
  1914.0    12.0      1365.8576      1365.6155
  1915.0     1.0      1365.9015      1365.6600
  1915.0     2.0      1365.8983      1365.6571
  1915.0     3.0      1366.0626      1365.8218
  1915.0     4.0      1365.7015      1365.4611
  1915.0     5.0      1365.8795      1365.6394
  1915.0     6.0      1365.8322      1365.5925
  1915.0     7.0      1365.8375      1365.5982
  1915.0     8.0      1365.9234      1365.6844
  1915.0     9.0      1365.9333      1365.6947
  1915.0    10.0      1365.9479      1365.7097
  1915.0    11.0      1366.0939      1365.8561
  1915.0    12.0      1366.1239      1365.8864
  1916.0     1.0      1366.1339      1365.8968
  1916.0     2.0      1366.1401      1365.9032
  1916.0     3.0      1366.0288      1365.7921
  1916.0     4.0      1366.1710      1365.9345
  1916.0     5.0      1366.0624      1365.8262
  1916.0     6.0      1366.0237      1365.7877
  1916.0     7.0      1366.1674      1365.9317
  1916.0     8.0      1366.2020      1365.9665
  1916.0     9.0      1366.2006      1365.9653
  1916.0    10.0      1366.0539      1365.8189
  1916.0    11.0      1366.2335      1365.9987
  1916.0    12.0      1366.2102      1365.9757
  1917.0     1.0      1366.1763      1365.9419
  1917.0     2.0      1365.8884      1365.6541
  1917.0     3.0      1366.2862      1366.0519
  1917.0     4.0      1366.3199      1366.0857
  1917.0     5.0      1366.2585      1366.0243
  1917.0     6.0      1366.4706      1366.2365
  1917.0     7.0      1366.5175      1366.2834
  1917.0     8.0      1366.0381      1365.8041
  1917.0     9.0      1366.3828      1366.1488
  1917.0    10.0      1366.4117      1366.1777
  1917.0    11.0      1366.4802      1366.2463
  1917.0    12.0      1366.1334      1365.8995
  1918.0     1.0      1366.1564      1365.9224
  1918.0     2.0      1366.3254      1366.0911
  1918.0     3.0      1366.3141      1366.0795
  1918.0     4.0      1366.3109      1366.0760
  1918.0     5.0      1366.3463      1366.1111
  1918.0     6.0      1366.4179      1366.1824
  1918.0     7.0      1366.3134      1366.0776
  1918.0     8.0      1366.0472      1365.8111
  1918.0     9.0      1366.3303      1366.0939
  1918.0    10.0      1366.1741      1365.9374
  1918.0    11.0      1366.2224      1365.9854
  1918.0    12.0      1366.0032      1365.7659
  1919.0     1.0      1366.0974      1365.8600
  1919.0     2.0      1365.8226      1365.5851
  1919.0     3.0      1365.9235      1365.6859
  1919.0     4.0      1366.1145      1365.8769
  1919.0     5.0      1365.8339      1365.5962
  1919.0     6.0      1366.0914      1365.8537
  1919.0     7.0      1366.3924      1366.1546
  1919.0     8.0      1365.9705      1365.7327
  1919.0     9.0      1366.0007      1365.7628
  1919.0    10.0      1366.0170      1365.7790
  1919.0    11.0      1365.8489      1365.6109
  1919.0    12.0      1366.0823      1365.8442
  1920.0     1.0      1365.5434      1365.3056
  1920.0     2.0      1366.1099      1365.8727
  1920.0     3.0      1365.5515      1365.3149
  1920.0     4.0      1365.9246      1365.6886
  1920.0     5.0      1366.1090      1365.8736
  1920.0     6.0      1365.9768      1365.7420
  1920.0     7.0      1365.9184      1365.6842
  1920.0     8.0      1365.9294      1365.6958
  1920.0     9.0      1365.6251      1365.3922
  1920.0    10.0      1365.9134      1365.6811
  1920.0    11.0      1365.7753      1365.5436
  1920.0    12.0      1365.8575      1365.6264
  1921.0     1.0      1365.8083      1365.5782
  1921.0     2.0      1365.8755      1365.6468
  1921.0     3.0      1365.8363      1365.6089
  1921.0     4.0      1365.8589      1365.6329
  1921.0     5.0      1365.6261      1365.4015
  1921.0     6.0      1365.8579      1365.6347
  1921.0     7.0      1365.7739      1365.5521
  1921.0     8.0      1365.7495      1365.5292
  1921.0     9.0      1365.6906      1365.4717
  1921.0    10.0      1365.6611      1365.4436
  1921.0    11.0      1365.4921      1365.2760
  1921.0    12.0      1365.5857      1365.3710
  1922.0     1.0      1365.7998      1365.5864
  1922.0     2.0      1365.7151      1365.5028
  1922.0     3.0      1365.3933      1365.1821
  1922.0     4.0      1365.8011      1365.5911
  1922.0     5.0      1365.6016      1365.3927
  1922.0     6.0      1365.6937      1365.4859
  1922.0     7.0      1365.6104      1365.4038
  1922.0     8.0      1365.6232      1365.4177
  1922.0     9.0      1365.6403      1365.4360
  1922.0    10.0      1365.6805      1365.4773
  1922.0    11.0      1365.6341      1365.4321
  1922.0    12.0      1365.3723      1365.1714
  1923.0     1.0      1365.5848      1365.3850
  1923.0     2.0      1365.6163      1365.4174
  1923.0     3.0      1365.6031      1365.4051
  1923.0     4.0      1365.6324      1365.4354
  1923.0     5.0      1365.6371      1365.4411
  1923.0     6.0      1365.5967      1365.4017
  1923.0     7.0      1365.6168      1365.4227
  1923.0     8.0      1365.6284      1365.4353
  1923.0     9.0      1365.6782      1365.4860
  1923.0    10.0      1365.7055      1365.5143
  1923.0    11.0      1365.6391      1365.4489
  1923.0    12.0      1365.6049      1365.4157
  1924.0     1.0      1365.5916      1365.4031
  1924.0     2.0      1365.4857      1365.2978
  1924.0     3.0      1365.5846      1365.3972
  1924.0     4.0      1365.5637      1365.3769
  1924.0     5.0      1365.7658      1365.5796
  1924.0     6.0      1365.7142      1365.5285
  1924.0     7.0      1365.8193      1365.6341
  1924.0     8.0      1365.7705      1365.5859
  1924.0     9.0      1365.7284      1365.5444
  1924.0    10.0      1365.7198      1365.5363
  1924.0    11.0      1365.4934      1365.3104
  1924.0    12.0      1365.7445      1365.5621
  1925.0     1.0      1365.7387      1365.5569
  1925.0     2.0      1365.7244      1365.5432
  1925.0     3.0      1365.7683      1365.5877
  1925.0     4.0      1366.0328      1365.8528
  1925.0     5.0      1365.9090      1365.7297
  1925.0     6.0      1366.0179      1365.8392
  1925.0     7.0      1366.0275      1365.8494
  1925.0     8.0      1366.0295      1365.8520
  1925.0     9.0      1366.2205      1366.0436
  1925.0    10.0      1365.9541      1365.7779
  1925.0    11.0      1365.7348      1365.5592
  1925.0    12.0      1365.1370      1364.9620
  1926.0     1.0      1365.4727      1365.2983
  1926.0     2.0      1365.7191      1365.5452
  1926.0     3.0      1365.8527      1365.6793
  1926.0     4.0      1366.2224      1366.0495
  1926.0     5.0      1365.9412      1365.7689
  1926.0     6.0      1365.9486      1365.7768
  1926.0     7.0      1365.9824      1365.8111
  1926.0     8.0      1366.0849      1365.9142
  1926.0     9.0      1365.8710      1365.7008
  1926.0    10.0      1365.8869      1365.7173
  1926.0    11.0      1366.2754      1366.1063
  1926.0    12.0      1365.9685      1365.7999
  1927.0     1.0      1365.8118      1365.6436
  1927.0     2.0      1366.2368      1366.0689
  1927.0     3.0      1366.4690      1366.3013
  1927.0     4.0      1366.2771      1366.1097
  1927.0     5.0      1366.3368      1366.1696
  1927.0     6.0      1366.1075      1365.9406
  1927.0     7.0      1366.0075      1365.8409
  1927.0     8.0      1365.9171      1365.7507
  1927.0     9.0      1365.9941      1365.8280
  1927.0    10.0      1366.1955      1366.0296
  1927.0    11.0      1365.9367      1365.7711
  1927.0    12.0      1366.0793      1365.9140
  1928.0     1.0      1365.8437      1365.6786
  1928.0     2.0      1366.1771      1366.0122
  1928.0     3.0      1365.9753      1365.8106
  1928.0     4.0      1366.1006      1365.9361
  1928.0     5.0      1365.9845      1365.8202
  1928.0     6.0      1366.0806      1365.9165
  1928.0     7.0      1365.8784      1365.7145
  1928.0     8.0      1366.2139      1366.0502
  1928.0     9.0      1365.5128      1365.3493
  1928.0    10.0      1366.0638      1365.9005
  1928.0    11.0      1366.1089      1365.9458
  1928.0    12.0      1365.9299      1365.7670
  1929.0     1.0      1365.9565      1365.7940
  1929.0     2.0      1366.1117      1365.9497
  1929.0     3.0      1365.8406      1365.6791
  1929.0     4.0      1365.9531      1365.7922
  1929.0     5.0      1366.1097      1365.9493
  1929.0     6.0      1366.1786      1366.0188
  1929.0     7.0      1366.2221      1366.0628
  1929.0     8.0      1366.2792      1366.1204
  1929.0     9.0      1366.2498      1366.0916
  1929.0    10.0      1365.6255      1365.4678
  1929.0    11.0      1365.4282      1365.2711
  1929.0    12.0      1365.3765      1365.2199
  1930.0     1.0      1366.1701      1366.0143
  1930.0     2.0      1366.1402      1365.9853
  1930.0     3.0      1365.8514      1365.6975
  1930.0     4.0      1365.8927      1365.7398
  1930.0     5.0      1365.9080      1365.7560
  1930.0     6.0      1365.9423      1365.7913
  1930.0     7.0      1365.9916      1365.8416
  1930.0     8.0      1365.9058      1365.7568
  1930.0     9.0      1365.9341      1365.7861
  1930.0    10.0      1365.6370      1365.4900
  1930.0    11.0      1365.7141      1365.5681
  1930.0    12.0      1365.9309      1365.7858
  1931.0     1.0      1365.8671      1365.7234
  1931.0     2.0      1365.6290      1365.4869
  1931.0     3.0      1365.7685      1365.6280
  1931.0     4.0      1365.9218      1365.7830
  1931.0     5.0      1365.8505      1365.7134
  1931.0     6.0      1365.7435      1365.6081
  1931.0     7.0      1365.8429      1365.7092
  1931.0     8.0      1365.8176      1365.6857
  1931.0     9.0      1365.8254      1365.6952
  1931.0    10.0      1365.7502      1365.6217
  1931.0    11.0      1365.6384      1365.5116
  1931.0    12.0      1365.7165      1365.5914
  1932.0     1.0      1365.7562      1365.6322
  1932.0     2.0      1365.6432      1365.5196
  1932.0     3.0      1365.6648      1365.5415
  1932.0     4.0      1365.5988      1365.4759
  1932.0     5.0      1365.6783      1365.5558
  1932.0     6.0      1365.7008      1365.5787
  1932.0     7.0      1365.7028      1365.5810
  1932.0     8.0      1365.6469      1365.5255
  1932.0     9.0      1365.6720      1365.5510
  1932.0    10.0      1365.6831      1365.5625
  1932.0    11.0      1365.6320      1365.5118
  1932.0    12.0      1365.5952      1365.4753
  1933.0     1.0      1365.6353      1365.5161
  1933.0     2.0      1365.2009      1365.0826
  1933.0     3.0      1365.6071      1365.4896
  1933.0     4.0      1365.6216      1365.5050
  1933.0     5.0      1365.6269      1365.5112
  1933.0     6.0      1365.6116      1365.4967
  1933.0     7.0      1365.6210      1365.5070
  1933.0     8.0      1365.5978      1365.4847
  1933.0     9.0      1365.6147      1365.5025
  1933.0    10.0      1365.5254      1365.4141
  1933.0    11.0      1365.5717      1365.4612
  1933.0    12.0      1365.5828      1365.4732
  1934.0     1.0      1365.5982      1365.4891
  1934.0     2.0      1365.6574      1365.5484
  1934.0     3.0      1365.6678      1365.5589
  1934.0     4.0      1365.5335      1365.4247
  1934.0     5.0      1365.6001      1365.4913
  1934.0     6.0      1365.6004      1365.4918
  1934.0     7.0      1365.6781      1365.5696
  1934.0     8.0      1365.6313      1365.5229
  1934.0     9.0      1365.6623      1365.5540
  1934.0    10.0      1365.6801      1365.5719
  1934.0    11.0      1365.6805      1365.5723
  1934.0    12.0      1365.7286      1365.6206
  1935.0     1.0      1365.7529      1365.6451
  1935.0     2.0      1365.8041      1365.6966
  1935.0     3.0      1365.8116      1365.7044
  1935.0     4.0      1365.8005      1365.6936
  1935.0     5.0      1365.8173      1365.7107
  1935.0     6.0      1365.8340      1365.7278
  1935.0     7.0      1365.8560      1365.7501
  1935.0     8.0      1365.9899      1365.8843
  1935.0     9.0      1366.0944      1365.9891
  1935.0    10.0      1366.1199      1366.0150
  1935.0    11.0      1365.7272      1365.6226
  1935.0    12.0      1365.7045      1365.6002
  1936.0     1.0      1365.7062      1365.6021
  1936.0     2.0      1366.1674      1366.0633
  1936.0     3.0      1366.2121      1366.1080
  1936.0     4.0      1366.2336      1366.1295
  1936.0     5.0      1366.3459      1366.2418
  1936.0     6.0      1366.2134      1366.1094
  1936.0     7.0      1366.2579      1366.1539
  1936.0     8.0      1366.2964      1366.1924
  1936.0     9.0      1366.4489      1366.3449
  1936.0    10.0      1366.4117      1366.3078
  1936.0    11.0      1366.0719      1365.9680
  1936.0    12.0      1366.4786      1366.3747
  1937.0     1.0      1366.3139      1366.2100
  1937.0     2.0      1366.4420      1366.3380
  1937.0     3.0      1366.5469      1366.4429
  1937.0     4.0      1365.8727      1365.7686
  1937.0     5.0      1366.0736      1365.9695
  1937.0     6.0      1365.9094      1365.8052
  1937.0     7.0      1365.7145      1365.6103
  1937.0     8.0      1366.2805      1366.1763
  1937.0     9.0      1366.5126      1366.4083
  1937.0    10.0      1365.7189      1365.6145
  1937.0    11.0      1366.4873      1366.3829
  1937.0    12.0      1366.2185      1366.1140
  1938.0     1.0      1365.7945      1365.6900
  1938.0     2.0      1366.0690      1365.9644
  1938.0     3.0      1366.1334      1366.0288
  1938.0     4.0      1365.9522      1365.8475
  1938.0     5.0      1366.1288      1366.0241
  1938.0     6.0      1366.5634      1366.4586
  1938.0     7.0      1365.8561      1365.7513
  1938.0     8.0      1366.6542      1366.5493
  1938.0     9.0      1366.1847      1366.0798
  1938.0    10.0      1366.0501      1365.9451
  1938.0    11.0      1365.8064      1365.7014
  1938.0    12.0      1366.1004      1365.9953
  1939.0     1.0      1366.3423      1366.2374
  1939.0     2.0      1366.3240      1366.2195
  1939.0     3.0      1366.4393      1366.3352
  1939.0     4.0      1366.1619      1366.0582
  1939.0     5.0      1366.5094      1366.4062
  1939.0     6.0      1366.6140      1366.5112
  1939.0     7.0      1365.8624      1365.7601
  1939.0     8.0      1365.6564      1365.5545
  1939.0     9.0      1365.2898      1365.1883
  1939.0    10.0      1365.8044      1365.7034
  1939.0    11.0      1365.9295      1365.8289
  1939.0    12.0      1366.1501      1366.0499
  1940.0     1.0      1365.6926      1365.5935
  1940.0     2.0      1365.9507      1365.8532
  1940.0     3.0      1365.9011      1365.8052
  1940.0     4.0      1366.2859      1366.1916
  1940.0     5.0      1366.1544      1366.0618
  1940.0     6.0      1365.9879      1365.8969
  1940.0     7.0      1366.2571      1366.1677
  1940.0     8.0      1365.6808      1365.5931
  1940.0     9.0      1366.0141      1365.9280
  1940.0    10.0      1365.9109      1365.8265
  1940.0    11.0      1366.2029      1366.1201
  1940.0    12.0      1366.1424      1366.0612
  1941.0     1.0      1366.1212      1366.0419
  1941.0     2.0      1366.0565      1365.9792
  1941.0     3.0      1366.0122      1365.9370
  1941.0     4.0      1365.9657      1365.8925
  1941.0     5.0      1366.0385      1365.9674
  1941.0     6.0      1365.8943      1365.8253
  1941.0     7.0      1365.8845      1365.8176
  1941.0     8.0      1365.9511      1365.8863
  1941.0     9.0      1365.6243      1365.5616
  1941.0    10.0      1365.7316      1365.6709
  1941.0    11.0      1365.7593      1365.7007
  1941.0    12.0      1365.9213      1365.8648
  1942.0     1.0      1365.9415      1365.8871
  1942.0     2.0      1365.7042      1365.6519
  1942.0     3.0      1365.7352      1365.6850
  1942.0     4.0      1365.7861      1365.7380
  1942.0     5.0      1365.9095      1365.8635
  1942.0     6.0      1365.7904      1365.7465
  1942.0     7.0      1365.7143      1365.6726
  1942.0     8.0      1365.7672      1365.7276
  1942.0     9.0      1365.8313      1365.7939
  1942.0    10.0      1365.7943      1365.7590
  1942.0    11.0      1365.6525      1365.6193
  1942.0    12.0      1365.8060      1365.7750
  1943.0     1.0      1365.8087      1365.7795
  1943.0     2.0      1365.5101      1365.4823
  1943.0     3.0      1365.5378      1365.5114
  1943.0     4.0      1365.4287      1365.4038
  1943.0     5.0      1365.6804      1365.6570
  1943.0     6.0      1365.7175      1365.6956
  1943.0     7.0      1365.5843      1365.5638
  1943.0     8.0      1365.7617      1365.7427
  1943.0     9.0      1365.5663      1365.5488
  1943.0    10.0      1365.5190      1365.5030
  1943.0    11.0      1365.6385      1365.6239
  1943.0    12.0      1365.5686      1365.5555
  1944.0     1.0      1365.6280      1365.6160
  1944.0     2.0      1365.6105      1365.5991
  1944.0     3.0      1365.5428      1365.5321
  1944.0     4.0      1365.6003      1365.5902
  1944.0     5.0      1365.5884      1365.5789
  1944.0     6.0      1365.6350      1365.6262
  1944.0     7.0      1365.6744      1365.6662
  1944.0     8.0      1365.7613      1365.7538
  1944.0     9.0      1365.6406      1365.6337
  1944.0    10.0      1365.7478      1365.7416
  1944.0    11.0      1365.7158      1365.7102
  1944.0    12.0      1365.6470      1365.6421
  1945.0     1.0      1365.8407      1365.8361
  1945.0     2.0      1365.7989      1365.7944
  1945.0     3.0      1365.6228      1365.6184
  1945.0     4.0      1365.6737      1365.6694
  1945.0     5.0      1365.9647      1365.9605
  1945.0     6.0      1365.9697      1365.9657
  1945.0     7.0      1365.8784      1365.8745
  1945.0     8.0      1365.9014      1365.8976
  1945.0     9.0      1365.9519      1365.9482
  1945.0    10.0      1365.8499      1365.8463
  1945.0    11.0      1366.1807      1366.1772
  1945.0    12.0      1366.0074      1366.0040
  1946.0     1.0      1365.7938      1365.7905
  1946.0     2.0      1365.2321      1365.2289
  1946.0     3.0      1366.0865      1366.0834
  1946.0     4.0      1366.1178      1366.1149
  1946.0     5.0      1366.1633      1366.1605
  1946.0     6.0      1366.4547      1366.4520
  1946.0     7.0      1365.3603      1365.3577
  1946.0     8.0      1365.8173      1365.8148
  1946.0     9.0      1366.0884      1366.0861
  1946.0    10.0      1366.4913      1366.4891
  1946.0    11.0      1366.2955      1366.2934
  1946.0    12.0      1365.8411      1365.8391
  1947.0     1.0      1366.0653      1366.0635
  1947.0     2.0      1365.7570      1365.7554
  1947.0     3.0      1365.4819      1365.4806
  1947.0     4.0      1365.5205      1365.5194
  1947.0     5.0      1365.9953      1365.9944
  1947.0     6.0      1366.8643      1366.8637
  1947.0     7.0      1366.4984      1366.4980
  1947.0     8.0      1366.0885      1366.0884
  1947.0     9.0      1366.6928      1366.6929
  1947.0    10.0      1366.4598      1366.4602
  1947.0    11.0      1366.7228      1366.7234
  1947.0    12.0      1366.4667      1366.4675
  1948.0     1.0      1366.7609      1366.7619
  1948.0     2.0      1366.5737      1366.5748
  1948.0     3.0      1366.5060      1366.5072
  1948.0     4.0      1365.9444      1365.9457
  1948.0     5.0      1365.9493      1365.9507
  1948.0     6.0      1366.1195      1366.1210
  1948.0     7.0      1366.4704      1366.4720
  1948.0     8.0      1366.4673      1366.4690
  1948.0     9.0      1366.3901      1366.3919
  1948.0    10.0      1366.4254      1366.4273
  1948.0    11.0      1366.6218      1366.6237
  1948.0    12.0      1365.9455      1365.9476
  1949.0     1.0      1366.2251      1366.2272
  1949.0     2.0      1365.6781      1365.6803
  1949.0     3.0      1366.1002      1366.1025
  1949.0     4.0      1366.6530      1366.6554
  1949.0     5.0      1366.6278      1366.6303
  1949.0     6.0      1366.3708      1366.3734
  1949.0     7.0      1366.2892      1366.2919
  1949.0     8.0      1366.0065      1366.0093
  1949.0     9.0      1366.1371      1366.1399
  1949.0    10.0      1366.2962      1366.2991
  1949.0    11.0      1366.1844      1366.1875
  1949.0    12.0      1366.4209      1366.4240
  1950.0     1.0      1366.2868      1366.2900
  1950.0     2.0      1365.8773      1365.8805
  1950.0     3.0      1366.2496      1366.2528
  1950.0     4.0      1365.5564      1365.5596
  1950.0     5.0      1366.0356      1366.0389
  1950.0     6.0      1366.1420      1366.1453
  1950.0     7.0      1366.0102      1366.0135
  1950.0     8.0      1365.9953      1365.9986
  1950.0     9.0      1366.1473      1366.1506
  1950.0    10.0      1366.0692      1366.0726
  1950.0    11.0      1365.8691      1365.8725
  1950.0    12.0      1365.8799      1365.8834
  1951.0     1.0      1365.7730      1365.7765
  1951.0     2.0      1365.9730      1365.9767
  1951.0     3.0      1365.9302      1365.9340
  1951.0     4.0      1365.5795      1365.5835
  1951.0     5.0      1365.0751      1365.0792
  1951.0     6.0      1365.1992      1365.2035
  1951.0     7.0      1366.0555      1366.0599
  1951.0     8.0      1366.0031      1366.0077
  1951.0     9.0      1365.9469      1365.9516
  1951.0    10.0      1365.9411      1365.9460
  1951.0    11.0      1366.0170      1366.0220
  1951.0    12.0      1365.7952      1365.8004
  1952.0     1.0      1365.8165      1365.8215
  1952.0     2.0      1365.7159      1365.7205
  1952.0     3.0      1365.7909      1365.7950
  1952.0     4.0      1365.7525      1365.7561
  1952.0     5.0      1365.8453      1365.8484
  1952.0     6.0      1365.8920      1365.8946
  1952.0     7.0      1365.7664      1365.7685
  1952.0     8.0      1365.8583      1365.8599
  1952.0     9.0      1365.8128      1365.8139
  1952.0    10.0      1365.6895      1365.6901
  1952.0    11.0      1365.5724      1365.5726
  1952.0    12.0      1365.7048      1365.7044
  1953.0     1.0      1365.6458      1365.6450
  1953.0     2.0      1365.7454      1365.7442
  1953.0     3.0      1365.6999      1365.6984
  1953.0     4.0      1365.4899      1365.4880
  1953.0     5.0      1365.6532      1365.6509
  1953.0     6.0      1365.6328      1365.6302
  1953.0     7.0      1365.6396      1365.6366
  1953.0     8.0      1365.5931      1365.5897
  1953.0     9.0      1365.6934      1365.6895
  1953.0    10.0      1365.6834      1365.6792
  1953.0    11.0      1365.6762      1365.6716
  1953.0    12.0      1365.6891      1365.6842
  1954.0     1.0      1365.6810      1365.6760
  1954.0     2.0      1365.6707      1365.6659
  1954.0     3.0      1365.5196      1365.5150
  1954.0     4.0      1365.6899      1365.6855
  1954.0     5.0      1365.6684      1365.6643
  1954.0     6.0      1365.6534      1365.6495
  1954.0     7.0      1365.6674      1365.6638
  1954.0     8.0      1365.6886      1365.6852
  1954.0     9.0      1365.6904      1365.6873
  1954.0    10.0      1365.7490      1365.7462
  1954.0    11.0      1365.7212      1365.7186
  1954.0    12.0      1365.6684      1365.6660
  1955.0     1.0      1365.7198      1365.7176
  1955.0     2.0      1365.7514      1365.7492
  1955.0     3.0      1365.7501      1365.7479
  1955.0     4.0      1365.7669      1365.7648
  1955.0     5.0      1365.7126      1365.7105
  1955.0     6.0      1365.6920      1365.6899
  1955.0     7.0      1365.9715      1365.9695
  1955.0     8.0      1365.7081      1365.7061
  1955.0     9.0      1365.9590      1365.9571
  1955.0    10.0      1365.7591      1365.7572
  1955.0    11.0      1365.9154      1365.9136
  1955.0    12.0      1366.1877      1366.1859
  1956.0     1.0      1365.9337      1365.9322
  1956.0     2.0      1365.8225      1365.8214
  1956.0     3.0      1366.2046      1366.2040
  1956.0     4.0      1366.7807      1366.7806
  1956.0     5.0      1365.9987      1365.9991
  1956.0     6.0      1366.2056      1366.2065
  1956.0     7.0      1366.2788      1366.2801
  1956.0     8.0      1366.1805      1366.1823
  1956.0     9.0      1366.7690      1366.7713
  1956.0    10.0      1366.7158      1366.7186
  1956.0    11.0      1366.2570      1366.2603
  1956.0    12.0      1366.4826      1366.4862
  1957.0     1.0      1366.9987      1367.0028
  1957.0     2.0      1366.8988      1366.9030
  1957.0     3.0      1366.7209      1366.7252
  1957.0     4.0      1366.7096      1366.7141
  1957.0     5.0      1366.7211      1366.7257
  1957.0     6.0      1366.0190      1366.0238
  1957.0     7.0      1366.5310      1366.5359
  1957.0     8.0      1366.9929      1366.9979
  1957.0     9.0      1366.0044      1366.0096
  1957.0    10.0      1366.5083      1366.5136
  1957.0    11.0      1367.4580      1367.4635
  1957.0    12.0      1366.6405      1366.6461
  1958.0     1.0      1366.9371      1366.9430
  1958.0     2.0      1366.7976      1366.8039
  1958.0     3.0      1365.8995      1365.9062
  1958.0     4.0      1366.6019      1366.6090
  1958.0     5.0      1366.7886      1366.7961
  1958.0     6.0      1366.7831      1366.7910
  1958.0     7.0      1366.5054      1366.5137
  1958.0     8.0      1366.6619      1366.6706
  1958.0     9.0      1366.7481      1366.7572
  1958.0    10.0      1366.7642      1366.7737
  1958.0    11.0      1366.7802      1366.7901
  1958.0    12.0      1366.3393      1366.3496
  1959.0     1.0      1366.0718      1366.0824
  1959.0     2.0      1366.9379      1366.9486
  1959.0     3.0      1366.1619      1366.1727
  1959.0     4.0      1366.4993      1366.5102
  1959.0     5.0      1366.4971      1366.5081
  1959.0     6.0      1366.4265      1366.4375
  1959.0     7.0      1366.5787      1366.5899
  1959.0     8.0      1366.0005      1366.0117
  1959.0     9.0      1366.3519      1366.3633
  1959.0    10.0      1366.4590      1366.4704
  1959.0    11.0      1366.2057      1366.2172
  1959.0    12.0      1366.2416      1366.2532
  1960.0     1.0      1366.4046      1366.4160
  1960.0     2.0      1366.3505      1366.3614
  1960.0     3.0      1366.4504      1366.4608
  1960.0     4.0      1366.1364      1366.1463
  1960.0     5.0      1366.1616      1366.1709
  1960.0     6.0      1366.4202      1366.4291
  1960.0     7.0      1366.1662      1366.1745
  1960.0     8.0      1366.2016      1366.2094
  1960.0     9.0      1366.4266      1366.4339
  1960.0    10.0      1366.3088      1366.3156
  1960.0    11.0      1366.1053      1366.1116
  1960.0    12.0      1366.2183      1366.2241
  1961.0     1.0      1366.1282      1366.1329
  1961.0     2.0      1366.0423      1366.0457
  1961.0     3.0      1365.9758      1365.9778
  1961.0     4.0      1365.8748      1365.8754
  1961.0     5.0      1365.9560      1365.9552
  1961.0     6.0      1365.7785      1365.7762
  1961.0     7.0      1365.8637      1365.8600
  1961.0     8.0      1366.1466      1366.1414
  1961.0     9.0      1365.7261      1365.7195
  1961.0    10.0      1365.9645      1365.9565
  1961.0    11.0      1365.8489      1365.8394
  1961.0    12.0      1365.8246      1365.8138
  1962.0     1.0      1365.7341      1365.7220
  1962.0     2.0      1365.6641      1365.6511
  1962.0     3.0      1365.8605      1365.8467
  1962.0     4.0      1365.8233      1365.8085
  1962.0     5.0      1365.8151      1365.7994
  1962.0     6.0      1365.8782      1365.8616
  1962.0     7.0      1365.7638      1365.7463
  1962.0     8.0      1365.7456      1365.7271
  1962.0     9.0      1365.6480      1365.6286
  1962.0    10.0      1365.7781      1365.7578
  1962.0    11.0      1365.7425      1365.7213
  1962.0    12.0      1365.7759      1365.7538
  1963.0     1.0      1365.7114      1365.6891
  1963.0     2.0      1365.7799      1365.7581
  1963.0     3.0      1365.7609      1365.7398
  1963.0     4.0      1365.6513      1365.6308
  1963.0     5.0      1365.7153      1365.6954
  1963.0     6.0      1365.7377      1365.7184
  1963.0     7.0      1365.7461      1365.7274
  1963.0     8.0      1365.7179      1365.6998
  1963.0     9.0      1365.5228      1365.5054
  1963.0    10.0      1365.6751      1365.6583
  1963.0    11.0      1365.8038      1365.7876
  1963.0    12.0      1365.7558      1365.7402
  1964.0     1.0      1365.7045      1365.6894
  1964.0     2.0      1365.7202      1365.7053
  1964.0     3.0      1365.6982      1365.6836
  1964.0     4.0      1365.7575      1365.7431
  1964.0     5.0      1365.7051      1365.6910
  1964.0     6.0      1365.7147      1365.7008
  1964.0     7.0      1365.6870      1365.6734
  1964.0     8.0      1365.6925      1365.6792
  1964.0     9.0      1365.6971      1365.6840
  1964.0    10.0      1365.7431      1365.7303
  1964.0    11.0      1365.7125      1365.6999
  1964.0    12.0      1365.7409      1365.7286
  1965.0     1.0      1365.7157      1365.7043
  1965.0     2.0      1365.7114      1365.7013
  1965.0     3.0      1365.7252      1365.7165
  1965.0     4.0      1365.7371      1365.7298
  1965.0     5.0      1365.7215      1365.7156
  1965.0     6.0      1365.8027      1365.7982
  1965.0     7.0      1365.7612      1365.7581
  1965.0     8.0      1365.7976      1365.7960
  1965.0     9.0      1365.7273      1365.7271
  1965.0    10.0      1365.7503      1365.7515
  1965.0    11.0      1365.6982      1365.7008
  1965.0    12.0      1365.7234      1365.7275
  1966.0     1.0      1365.7599      1365.7654
  1966.0     2.0      1365.8297      1365.8363
  1966.0     3.0      1365.7175      1365.7254
  1966.0     4.0      1365.7170      1365.7262
  1966.0     5.0      1366.0306      1366.0410
  1966.0     6.0      1366.0047      1366.0164
  1966.0     7.0      1365.9392      1365.9522
  1966.0     8.0      1366.0696      1366.0839
  1966.0     9.0      1365.8228      1365.8383
  1966.0    10.0      1366.0340      1366.0508
  1966.0    11.0      1366.0714      1366.0895
  1966.0    12.0      1366.0180      1366.0375
  1967.0     1.0      1365.8432      1365.8636
  1967.0     2.0      1366.1478      1366.1691
  1967.0     3.0      1365.8965      1365.9187
  1967.0     4.0      1366.4309      1366.4541
  1967.0     5.0      1365.8889      1365.9130
  1967.0     6.0      1366.0985      1366.1235
  1967.0     7.0      1366.0002      1366.0261
  1967.0     8.0      1366.0100      1366.0368
  1967.0     9.0      1366.3474      1366.3752
  1967.0    10.0      1366.2372      1366.2658
  1967.0    11.0      1366.0937      1366.1233
  1967.0    12.0      1366.0813      1366.1118
  1968.0     1.0      1366.1615      1366.1928
  1968.0     2.0      1366.2095      1366.2415
  1968.0     3.0      1366.3085      1366.3411
  1968.0     4.0      1366.2881      1366.3214
  1968.0     5.0      1366.0413      1366.0753
  1968.0     6.0      1365.9666      1366.0012
  1968.0     7.0      1366.1420      1366.1773
  1968.0     8.0      1366.0484      1366.0844
  1968.0     9.0      1366.1895      1366.2261
  1968.0    10.0      1366.1284      1366.1657
  1968.0    11.0      1366.2184      1366.2563
  1968.0    12.0      1365.9185      1365.9571
  1969.0     1.0      1366.1134      1366.1525
  1969.0     2.0      1366.3211      1366.3604
  1969.0     3.0      1366.1536      1366.1932
  1969.0     4.0      1366.1792      1366.2191
  1969.0     5.0      1366.4011      1366.4413
  1969.0     6.0      1365.9881      1366.0285
  1969.0     7.0      1366.3794      1366.4201
  1969.0     8.0      1366.1621      1366.2031
  1969.0     9.0      1366.4026      1366.4439
  1969.0    10.0      1366.1041      1366.1456
  1969.0    11.0      1365.9984      1366.0402
  1969.0    12.0      1366.2748      1366.3169
  1970.0     1.0      1366.1694      1366.2114
  1970.0     2.0      1365.9567      1365.9981
  1970.0     3.0      1366.4371      1366.4780
  1970.0     4.0      1366.1711      1366.2114
  1970.0     5.0      1366.0714      1366.1111
  1970.0     6.0      1366.3559      1366.3951
  1970.0     7.0      1366.1452      1366.1838
  1970.0     8.0      1366.1464      1366.1844
  1970.0     9.0      1366.1827      1366.2201
  1970.0    10.0      1366.2372      1366.2741
  1970.0    11.0      1366.1646      1366.2009
  1970.0    12.0      1366.3921      1366.4279
  1971.0     1.0      1365.9102      1365.9446
  1971.0     2.0      1365.9445      1365.9768
  1971.0     3.0      1366.1820      1366.2122
  1971.0     4.0      1365.9866      1366.0147
  1971.0     5.0      1365.9676      1365.9935
  1971.0     6.0      1366.0586      1366.0824
  1971.0     7.0      1365.8250      1365.8466
  1971.0     8.0      1365.7730      1365.7924
  1971.0     9.0      1366.0107      1366.0280
  1971.0    10.0      1365.7646      1365.7797
  1971.0    11.0      1365.9172      1365.9302
  1971.0    12.0      1365.8935      1365.9043
  1972.0     1.0      1366.1689      1366.1778
  1972.0     2.0      1365.9361      1365.9433
  1972.0     3.0      1365.9600      1365.9656
  1972.0     4.0      1366.3031      1366.3070
  1972.0     5.0      1365.8599      1365.8621
  1972.0     6.0      1366.0353      1366.0358
  1972.0     7.0      1366.1512      1366.1501
  1972.0     8.0      1366.0409      1366.0381
  1972.0     9.0      1366.1578      1366.1533
  1972.0    10.0      1365.8168      1365.8106
  1972.0    11.0      1365.9995      1365.9914
  1972.0    12.0      1365.7669      1365.7576
  1973.0     1.0      1365.9570      1365.9463
  1973.0     2.0      1365.9466      1365.9353
  1973.0     3.0      1365.7312      1365.7193
  1973.0     4.0      1365.8530      1365.8406
  1973.0     5.0      1365.9257      1365.9127
  1973.0     6.0      1365.8850      1365.8713
  1973.0     7.0      1365.8145      1365.8002
  1973.0     8.0      1365.8208      1365.8059
  1973.0     9.0      1365.6757      1365.6602
  1973.0    10.0      1365.7611      1365.7451
  1973.0    11.0      1365.7336      1365.7169
  1973.0    12.0      1365.7354      1365.7181
  1974.0     1.0      1365.7276      1365.7100
  1974.0     2.0      1365.7218      1365.7042
  1974.0     3.0      1365.8242      1365.8066
  1974.0     4.0      1365.6842      1365.6665
  1974.0     5.0      1365.8493      1365.8316
  1974.0     6.0      1365.9010      1365.8833
  1974.0     7.0      1365.6114      1365.5937
  1974.0     8.0      1365.7732      1365.7555
  1974.0     9.0      1365.6866      1365.6689
  1974.0    10.0      1365.6676      1365.6498
  1974.0    11.0      1365.8212      1365.8034
  1974.0    12.0      1365.6652      1365.6474
  1975.0     1.0      1365.6299      1365.6125
  1975.0     2.0      1365.5210      1365.5047
  1975.0     3.0      1365.5501      1365.5347
  1975.0     4.0      1365.6223      1365.6077
  1975.0     5.0      1365.5529      1365.5391
  1975.0     6.0      1365.4742      1365.4614
  1975.0     7.0      1365.4353      1365.4233
  1975.0     8.0      1365.3288      1365.3178
  1975.0     9.0      1365.6346      1365.6248
  1975.0    10.0      1365.6649      1365.6559
  1975.0    11.0      1365.6769      1365.6687
  1975.0    12.0      1365.7139      1365.7067
  1976.0     1.0      1365.6398      1365.6336
  1976.0     2.0      1365.6947      1365.6896
  1976.0     3.0      1365.5421      1365.5379
  1976.0     4.0      1365.6058      1365.6026
  1976.0     5.0      1365.7135      1365.7113
  1976.0     6.0      1365.6800      1365.6789
  1976.0     7.0      1365.6530      1365.6529
  1976.0     8.0      1365.6475      1365.6484
  1976.0     9.0      1365.6895      1365.6915
  1976.0    10.0      1365.7375      1365.7405
  1976.0    11.0      1365.6501      1365.6542
  1976.0    12.0      1365.6389      1365.6439
  1977.0     1.0      1365.7295      1365.7353
  1977.0     2.0      1365.8461      1365.8524
  1977.0     3.0      1365.7266      1365.7334
  1977.0     4.0      1365.7777      1365.7849
  1977.0     5.0      1365.8659      1365.8737
  1977.0     6.0      1365.7440      1365.7522
  1977.0     7.0      1365.8418      1365.8505
  1977.0     8.0      1365.9047      1365.9140
  1977.0     9.0      1365.7128      1365.7225
  1977.0    10.0      1365.9200      1365.9303
  1977.0    11.0      1366.0796      1366.0905
  1977.0    12.0      1366.0795      1366.0906
  1978.0     1.0      1366.3261      1366.3377
  1978.0     2.0      1365.8408      1365.8526
  1978.0     3.0      1366.0838      1366.0959
  1978.0     4.0      1366.1122      1366.1245
  1978.0     5.0      1366.2361      1366.2487
  1978.0     6.0      1366.3949      1366.4077
  1978.0     7.0      1366.3572      1366.3703
  1978.0     8.0      1366.4728      1366.4861
  1978.0     9.0      1366.2596      1366.2732
  1978.0    10.0      1366.5186      1366.5324
  1978.0    11.0      1366.3416      1366.3556
  1978.0    12.0      1365.8988      1365.9131
  1979.0     1.0      1366.3917      1366.4062
  1979.0     2.0      1366.6926      1366.7073
  1979.0     3.0      1367.0971      1367.1120
  1979.0     4.0      1366.6084      1366.6235
  1979.0     5.0      1366.7549      1366.7702
  1979.0     6.0      1366.1979      1366.2133
  1979.0     7.0      1366.6131      1366.6288
  1979.0     8.0      1366.5242      1366.5400
  1979.0     9.0      1366.6180      1366.6340
  1979.0    10.0      1366.5976      1366.6138
  1979.0    11.0      1366.4115      1366.4279
  1979.0    12.0      1366.8893      1366.9059
  1980.0     1.0      1366.8540      1366.8707
  1980.0     2.0      1366.6220      1366.6385
  1980.0     3.0      1366.9856      1367.0020
  1980.0     4.0      1366.2974      1366.3137
  1980.0     5.0      1366.4556      1366.4717
  1980.0     6.0      1366.7526      1366.7686
  1980.0     7.0      1366.6866      1366.7025
  1980.0     8.0      1366.6834      1366.6991
  1980.0     9.0      1366.5922      1366.6078
  1980.0    10.0      1366.5605      1366.5760
  1980.0    11.0      1366.1213      1366.1366
  1980.0    12.0      1366.9507      1366.9659
  1981.0     1.0      1367.0121      1367.0270
  1981.0     2.0      1366.5618      1366.5762
  1981.0     3.0      1366.7152      1366.7291
  1981.0     4.0      1367.0352      1367.0487
  1981.0     5.0      1366.7291      1366.7421
  1981.0     6.0      1366.5718      1366.5843
  1981.0     7.0      1365.8713      1365.8833
  1981.0     8.0      1367.0474      1367.0589
  1981.0     9.0      1366.7559      1366.7669
  1981.0    10.0      1366.4501      1366.4607
  1981.0    11.0      1366.7518      1366.7618
  1981.0    12.0      1366.6737      1366.6833
  1982.0     1.0      1367.0437      1367.0527
  1982.0     2.0      1365.9081      1365.9164
  1982.0     3.0      1365.8970      1365.9046
  1982.0     4.0      1366.4628      1366.4697
  1982.0     5.0      1366.4024      1366.4086
  1982.0     6.0      1365.5941      1365.5996
  1982.0     7.0      1366.1577      1366.1626
  1982.0     8.0      1366.1961      1366.2002
  1982.0     9.0      1366.4987      1366.5021
  1982.0    10.0      1366.6090      1366.6118
  1982.0    11.0      1366.4130      1366.4150
  1982.0    12.0      1366.2138      1366.2152
  1983.0     1.0      1366.4189      1366.4198
  1983.0     2.0      1366.2203      1366.2211
  1983.0     3.0      1366.2502      1366.2509
  1983.0     4.0      1366.2029      1366.2035
  1983.0     5.0      1366.1024      1366.1029
  1983.0     6.0      1366.1208      1366.1212
  1983.0     7.0      1366.2850      1366.2853
  1983.0     8.0      1366.4202      1366.4204
  1983.0     9.0      1366.2335      1366.2336
  1983.0    10.0      1366.0589      1366.0589
  1983.0    11.0      1366.1072      1366.1071
  1983.0    12.0      1366.0607      1366.0605
  1984.0     1.0      1365.4261      1365.4259
  1984.0     2.0      1365.6618      1365.6620
  1984.0     3.0      1366.1697      1366.1702
  1984.0     4.0      1365.5660      1365.5668
  1984.0     5.0      1365.7783      1365.7794
  1984.0     6.0      1366.0956      1366.0970
  1984.0     7.0      1366.1145      1366.1162
  1984.0     8.0      1365.9781      1365.9801
  1984.0     9.0      1365.8669      1365.8692
  1984.0    10.0      1365.7869      1365.7895
  1984.0    11.0      1365.6802      1365.6831
  1984.0    12.0      1365.7617      1365.7649
  1985.0     1.0      1365.6082      1365.6116
  1985.0     2.0      1365.7085      1365.7119
  1985.0     3.0      1365.6570      1365.6604
  1985.0     4.0      1365.5120      1365.5154
  1985.0     5.0      1365.6366      1365.6400
  1985.0     6.0      1365.6964      1365.6998
  1985.0     7.0      1365.6509      1365.6543
  1985.0     8.0      1365.7499      1365.7532
  1985.0     9.0      1365.6653      1365.6687
  1985.0    10.0      1365.5269      1365.5303
  1985.0    11.0      1365.6289      1365.6323
  1985.0    12.0      1365.6794      1365.6828
  1986.0     1.0      1365.6746      1365.6780
  1986.0     2.0      1365.5475      1365.5509
  1986.0     3.0      1365.6797      1365.6831
  1986.0     4.0      1365.6531      1365.6565
  1986.0     5.0      1365.7275      1365.7309
  1986.0     6.0      1365.6615      1365.6649
  1986.0     7.0      1365.6509      1365.6543
  1986.0     8.0      1365.5989      1365.6022
  1986.0     9.0      1365.6034      1365.6068
  1986.0    10.0      1365.6465      1365.6499
  1986.0    11.0      1365.7097      1365.7130
  1986.0    12.0      1365.6717      1365.6751
  1987.0     1.0      1365.6674      1365.6707
  1987.0     2.0      1365.6590      1365.6624
  1987.0     3.0      1365.6693      1365.6726
  1987.0     4.0      1365.6385      1365.6419
  1987.0     5.0      1365.7561      1365.7595
  1987.0     6.0      1365.8307      1365.8341
  1987.0     7.0      1365.8223      1365.8257
  1987.0     8.0      1365.7860      1365.7894
  1987.0     9.0      1365.8570      1365.8603
  1987.0    10.0      1365.8508      1365.8542
  1987.0    11.0      1365.9837      1365.9870
  1987.0    12.0      1366.0350      1366.0384
  1988.0     1.0      1366.0546      1366.0580
  1988.0     2.0      1366.1079      1366.1113
  1988.0     3.0      1365.9519      1365.9553
  1988.0     4.0      1366.0642      1366.0675
  1988.0     5.0      1366.3008      1366.3042
  1988.0     6.0      1366.0132      1366.0166
  1988.0     7.0      1365.8269      1365.8303
  1988.0     8.0      1366.1451      1366.1485
  1988.0     9.0      1366.4616      1366.4650
  1988.0    10.0      1366.1118      1366.1152
  1988.0    11.0      1366.2957      1366.2991
  1988.0    12.0      1366.2598      1366.2632
  1989.0     1.0      1366.5409      1366.5443
  1989.0     2.0      1366.5990      1366.6023
  1989.0     3.0      1366.3758      1366.3792
  1989.0     4.0      1366.5902      1366.5935
  1989.0     5.0      1366.7788      1366.7821
  1989.0     6.0      1366.3298      1366.3332
  1989.0     7.0      1367.0685      1367.0719
  1989.0     8.0      1366.5084      1366.5117
  1989.0     9.0      1366.2616      1366.2650
  1989.0    10.0      1366.9553      1366.9587
  1989.0    11.0      1366.8248      1366.8282
  1989.0    12.0      1366.8784      1366.8817
  1990.0     1.0      1366.8759      1366.8792
  1990.0     2.0      1366.6353      1366.6387
  1990.0     3.0      1366.6447      1366.6480
  1990.0     4.0      1366.8675      1366.8708
  1990.0     5.0      1366.5310      1366.5344
  1990.0     6.0      1366.7708      1366.7742
  1990.0     7.0      1366.4602      1366.4636
  1990.0     8.0      1366.1691      1366.1724
  1990.0     9.0      1366.8029      1366.8062
  1990.0    10.0      1366.6147      1366.6181
  1990.0    11.0      1365.8518      1365.8552
  1990.0    12.0      1366.3870      1366.3904
  1991.0     1.0      1366.0527      1366.0560
  1991.0     2.0      1366.3072      1366.3106
  1991.0     3.0      1366.5240      1366.5274
  1991.0     4.0      1367.0578      1367.0611
  1991.0     5.0      1366.4260      1366.4294
  1991.0     6.0      1366.4313      1366.4347
  1991.0     7.0      1366.6668      1366.6702
  1991.0     8.0      1366.4562      1366.4596
  1991.0     9.0      1366.8856      1366.8890
  1991.0    10.0      1366.1477      1366.1511
  1991.0    11.0      1366.6227      1366.6261
  1991.0    12.0      1365.9437      1365.9471
  1992.0     1.0      1366.5226      1366.5259
  1992.0     2.0      1366.4271      1366.4305
  1992.0     3.0      1366.7462      1366.7496
  1992.0     4.0      1366.5951      1366.5985
  1992.0     5.0      1366.4173      1366.4207
  1992.0     6.0      1366.2973      1366.3006
  1992.0     7.0      1366.0569      1366.0603
  1992.0     8.0      1366.0305      1366.0338
  1992.0     9.0      1366.1615      1366.1649
  1992.0    10.0      1365.9202      1365.9236
  1992.0    11.0      1366.1329      1366.1362
  1992.0    12.0      1366.2845      1366.2879
  1993.0     1.0      1366.3025      1366.3059
  1993.0     2.0      1365.8985      1365.9018
  1993.0     3.0      1366.2090      1366.2124
  1993.0     4.0      1366.1796      1366.1830
  1993.0     5.0      1366.1425      1366.1459
  1993.0     6.0      1366.1398      1366.1432
  1993.0     7.0      1366.0917      1366.0951
  1993.0     8.0      1366.0459      1366.0493
  1993.0     9.0      1365.8892      1365.8926
  1993.0    10.0      1365.7272      1365.7306
  1993.0    11.0      1365.7575      1365.7609
  1993.0    12.0      1365.9086      1365.9120
  1994.0     1.0      1365.7375      1365.7409
  1994.0     2.0      1365.9885      1365.9919
  1994.0     3.0      1366.0304      1366.0338
  1994.0     4.0      1365.8642      1365.8676
  1994.0     5.0      1365.7634      1365.7668
  1994.0     6.0      1365.7640      1365.7674
  1994.0     7.0      1365.7607      1365.7641
  1994.0     8.0      1365.7771      1365.7805
  1994.0     9.0      1365.6473      1365.6507
  1994.0    10.0      1365.7159      1365.7192
  1994.0    11.0      1365.8294      1365.8328
  1994.0    12.0      1365.7053      1365.7086
  1995.0     1.0      1365.8250      1365.8283
  1995.0     2.0      1365.8141      1365.8175
  1995.0     3.0      1365.7192      1365.7226
  1995.0     4.0      1365.6222      1365.6256
  1995.0     5.0      1365.6586      1365.6620
  1995.0     6.0      1365.7249      1365.7283
  1995.0     7.0      1365.6960      1365.6993
  1995.0     8.0      1365.7150      1365.7184
  1995.0     9.0      1365.6943      1365.6976
  1995.0    10.0      1365.6030      1365.6064
  1995.0    11.0      1365.6735      1365.6769
  1995.0    12.0      1365.6402      1365.6436
  1996.0     1.0      1365.6409      1365.6443
  1996.0     2.0      1365.6254      1365.6287
  1996.0     3.0      1365.5815      1365.5849
  1996.0     4.0      1365.6076      1365.6109
  1996.0     5.0      1365.6243      1365.6276
  1996.0     6.0      1365.6256      1365.6290
  1996.0     7.0      1365.5968      1365.6002
  1996.0     8.0      1365.6629      1365.6662
  1996.0     9.0      1365.6787      1365.6821
  1996.0    10.0      1365.6315      1365.6348
  1996.0    11.0      1365.4708      1365.4741
  1996.0    12.0      1365.6994      1365.7028
  1997.0     1.0      1365.6956      1365.6989
  1997.0     2.0      1365.6713      1365.6747
  1997.0     3.0      1365.6975      1365.7008
  1997.0     4.0      1365.7013      1365.7047
  1997.0     5.0      1365.7356      1365.7390
  1997.0     6.0      1365.7267      1365.7301
  1997.0     7.0      1365.7217      1365.7250
  1997.0     8.0      1365.7823      1365.7857
  1997.0     9.0      1365.6734      1365.6768
  1997.0    10.0      1365.9298      1365.9331
  1997.0    11.0      1365.8420      1365.8454
  1997.0    12.0      1365.8847      1365.8881
  1998.0     1.0      1365.9594      1365.9627
  1998.0     2.0      1365.9166      1365.9199
  1998.0     3.0      1365.8236      1365.8269
  1998.0     4.0      1366.0897      1366.0931
  1998.0     5.0      1365.9614      1365.9647
  1998.0     6.0      1366.0544      1366.0578
  1998.0     7.0      1366.2444      1366.2478
  1998.0     8.0      1366.0860      1366.0894
  1998.0     9.0      1366.0766      1366.0800
  1998.0    10.0      1366.3395      1366.3429
  1998.0    11.0      1366.2555      1366.2589
  1998.0    12.0      1366.3697      1366.3730
  1999.0     1.0      1366.4773      1366.4806
  1999.0     2.0      1366.2395      1366.2429
  1999.0     3.0      1366.3539      1366.3572
  1999.0     4.0      1366.2515      1366.2549
  1999.0     5.0      1366.3802      1366.3835
  1999.0     6.0      1366.3950      1366.3984
  1999.0     7.0      1366.4328      1366.4362
  1999.0     8.0      1366.4732      1366.4766
  1999.0     9.0      1366.5807      1366.5841
  1999.0    10.0      1366.2295      1366.2329
  1999.0    11.0      1366.3525      1366.3558
  1999.0    12.0      1366.3697      1366.3730
  2000.0     1.0      1366.7211      1366.7211
  2000.0     2.0      1366.6320      1366.6320
  2000.0     3.0      1366.4819      1366.4819
  2000.0     4.0      1366.6498      1366.6498
  2000.0     5.0      1366.3611      1366.3611
  2000.0     6.0      1366.4507      1366.4507
  2000.0     7.0      1366.5754      1366.5754
  2000.0     8.0      1366.9738      1366.9738
  2000.0     9.0      1366.5276      1366.5276
  2000.0    10.0      1366.9746      1366.9746
  2000.0    11.0      1366.9062      1366.9062
  2000.0    12.0      1366.9492      1366.9492
  2001.0     1.0      1366.7811      1366.7811
  2001.0     2.0      1366.8458      1366.8458
  2001.0     3.0      1366.4121      1366.4121
  2001.0     4.0      1366.4659      1366.4659
  2001.0     5.0      1366.5200      1366.5200
  2001.0     6.0      1366.5092      1366.5092
  2001.0     7.0      1366.7203      1366.7203
  2001.0     8.0      1366.4475      1366.4475
  2001.0     9.0      1366.3010      1366.3010
  2001.0    10.0      1366.8140      1366.8140
  2001.0    11.0      1366.5200      1366.5200
  2001.0    12.0      1366.8910      1366.8910
  2002.0     1.0      1367.3162      1367.3162
  2002.0     2.0      1367.1783      1367.1783
  2002.0     3.0      1367.0065      1367.0065
  2002.0     4.0      1366.6454      1366.6454
  2002.0     5.0      1366.6470      1366.6470
  2002.0     6.0      1366.6873      1366.6873
  2002.0     7.0      1366.1716      1366.1716
  2002.0     8.0      1366.3053      1366.3053
  2002.0     9.0      1366.4584      1366.4584
  2002.0    10.0      1366.5261      1366.5261
  2002.0    11.0      1366.4495      1366.4495
  2002.0    12.0      1366.7773      1366.7773
  2003.0     1.0      1366.6034      1366.6034
  2003.0     2.0      1366.5458      1366.5458
  2003.0     3.0      1366.1968      1366.1968
  2003.0     4.0      1366.2227      1366.2227
  2003.0     5.0      1366.1753      1366.1753
  2003.0     6.0      1366.0914      1366.0914
  2003.0     7.0      1366.2437      1366.2437
  2003.0     8.0      1366.2744      1366.2744
  2003.0     9.0      1366.3611      1366.3611
  2003.0    10.0      1365.5612      1365.5612
  2003.0    11.0      1366.1956      1366.1956
  2003.0    12.0      1366.2899      1366.2899
  2004.0     1.0      1366.1038      1366.1038
  2004.0     2.0      1366.0890      1366.0890
  2004.0     3.0      1366.1272      1366.1272
  2004.0     4.0      1366.1742      1366.1742
  2004.0     5.0      1366.0297      1366.0297
  2004.0     6.0      1366.0179      1366.0179
  2004.0     7.0      1365.7578      1365.7578
  2004.0     8.0      1365.9036      1365.9036
  2004.0     9.0      1366.0957      1366.0957
  2004.0    10.0      1366.1166      1366.1166
  2004.0    11.0      1366.0057      1366.0057
  2004.0    12.0      1366.1552      1366.1552
  2005.0     1.0      1365.7864      1365.7864
  2005.0     2.0      1365.9349      1365.9349
  2005.0     3.0      1365.8956      1365.8956
  2005.0     4.0      1365.8800      1365.8800
  2005.0     5.0      1365.8463      1365.8463
  2005.0     6.0      1365.8059      1365.8059
  2005.0     7.0      1365.8595      1365.8595
  2005.0     8.0      1365.9275      1365.9275
  2005.0     9.0      1365.7988      1365.7988
  2005.0    10.0      1365.8860      1365.8860
  2005.0    11.0      1365.7792      1365.7792
  2005.0    12.0      1365.8549      1365.8549
  2006.0     1.0      1365.8986      1365.8986
  2006.0     2.0      1365.8728      1365.8728
  2006.0     3.0      1365.7850      1365.7850
  2006.0     4.0      1365.8058      1365.8058
  2006.0     5.0      1365.9230      1365.9230
  2006.0     6.0      1365.8340      1365.8340
  2006.0     7.0      1365.8212      1365.8212
  2006.0     8.0      1365.7067      1365.7067
  2006.0     9.0      1365.8419      1365.8419
  2006.0    10.0      1365.8270      1365.8270
  2006.0    11.0      1365.7039      1365.7039
  2006.0    12.0      1365.7087      1365.7087
  2007.0     1.0      1365.7173      1365.7173
  2007.0     2.0      1365.7145      1365.7145
  2007.0     3.0      1365.7544      1365.7544
  2007.0     4.0      1365.7228      1365.7228
  2007.0     5.0      1365.6932      1365.6932
  2007.0     6.0      1365.7616      1365.7616
  2007.0     7.0      1365.7506      1365.7506
  2007.0     8.0      1365.7566      1365.7566
  2007.0     9.0      1365.7159      1365.7159
  2007.0    10.0      1365.7388      1365.7388
  2007.0    11.0      1365.6680      1365.6680
  2007.0    12.0      1365.6927      1365.6927
  2008.0     1.0      1365.7163      1365.7163
  2008.0     2.0      1365.7366      1365.7366
  2008.0     3.0      1365.6726      1365.6726
  2008.0     4.0      1365.7146      1365.7146
  2008.0     5.0      1365.7175      1365.7175
  2008.0     6.0      1365.6730      1365.6730
  2008.0     7.0      1365.6720      1365.6720
  2008.0     8.0      1365.6570      1365.6570
  2008.0     9.0      1365.6647      1365.6647
  2008.0    10.0      1365.6759      1365.6759
  2008.0    11.0      1365.7065      1365.7065
  2008.0    12.0      1365.6926      1365.6926
